2082
691
3389
8424
3757
4375
4788
759
7904
1155
4755
3007
9419
3161
1708
6597
4700
6947
233
4200
5978
382
5603
1051
7312
7196
4739
4463
896
400
142
4318
3145
2091
5578
1199
6261
1190
4907
5574
2423
2578
8334
977
4593
765
3579
6499
19
8760
2992
9027
9980
8108
1458
3709
2012
9225
4115
1863
8977
2077
7354
9165
2642
6031
1338
3390
8160
4273
7391
172
9825
2567
8982
7324
7766
4334
755
3077
9895
4031
6078
1307
3323
8644
9931
7252
4728
2733
577
547
9692
5920
468
8484
6923
2966
4055
1344
4424
5666
7815
3348
1200
2661
5678
7346
9866
7968
1247
8687
2677
1558
6746
3900
5898
5594
7457
2790
5190
8118
9569
8332
7754
1897
8808
7371
5324
9901
7001
6525
5804
479
3827
1950
314
4640
1388
8631
6741
5104
9950
4742
488
1732
4249
9280
8068
827
1066
6644
9406
6380
450
134
306
9827
4909
7443
7364
1107
3187
5134
3838
7910
7819
5818
6430
1871
8547
1295
9797
168
6928
7266
7668
8504
944
403
6926
6755
2300
6529
3727
1709
3225
9458
8803
2281
4064
3647
2444
1330
7718
225
8365
4779
2085
5212
9632
3140
7036
732
9134
2726
8211
4953
1724
3847
5896
4077
5059
1108
3626
233
1424
6572
7771
2396
3396
9983
6361
3562
2038
1509
2644
6328
7535
1544
6495
742
8646
8993
4663
2853
9177
4134
9082
9723
6776
4716
980
6832
1803
4208
7355
6799
1759
9304
5570
4116
9820
9708
1228
9213
4399
6983
4315
6564
313
835
8656
5804
1162
572
137
1835
6815
6688
9872
9778
9506
2516
9483
3288
7009
8746
7057
208
1555
4191
3931
7862
8775
4684
4469
1369
1750
8210
3233
2269
1495
8473
6578
1511
6658
956
8552
360
2031
5271
4244
5159
7603
5059
7211
7023
7295
2056
1475
5559
9275
4060
2724
6444
7813
7490
7808
6356
9982
3976
6408
5107
9215
6998
3844
4119
1720
8994
9360
2365
1043
1512
9993
5802
712
1031
6092
3945
4812
890
947
7752
1586
5369
3606
6234
5723
5463
929
5361
855
7106
2210
1696
4955
1695
7272
4966
7866
5647
6855
8281
1932
427
2331
2096
3879
6955
276
8160
8500
8697
6313
2669
2435
5792
1749
3658
9415
8591
6021
6238
6690
2685
7723
722
6055
9117
7081
2899
1868
2826
3146
2778
2781
9575
9678
7940
3502
6650
4743
339
7852
5392
339
856
4624
4308
70
4194
3303
9915
4811
7819
7571
8760
8598
2559
722
8115
9563
9208
8573
4724
3639
5014
2310
708
1958
6296
5775
3199
6404
8590
9167
9640
1630
3704
3877
3789
5961
3862
1194
8433
8113
6714
1041
9563
1405
1392
5540
3357
2239
5056
6226
1664
5017
1372
3008
3919
1382
7251
7635
3408
7704
1827
4318
3623
1045
2130
5417
6089
513
3222
669
4496
7863
6622
4295
1216
8491
9830
5483
1359
1534
1411
4293
6427
5713
709
6768
4294
5748
8569
214
4771
2728
5636
2005
318
614
7763
3033
9627
247
3863
9970
7714
1664
138
8883
9950
5329
6031
6419
9007
2939
1479
3784
3095
8893
2099
3027
1063
4225
8751
4780
4932
5802
650
1517
3278
4955
6619
658
9483
1343
7404
7384
7349
9826
3057
7906
2813
375
3315
124
4584
3676
5634
71
8390
7935
5076
9393
9247
5649
2588
1188
3647
2598
3410
8994
8898
5187
5286
6438
9979
6371
6982
3125
5220
4906
1183
5711
886
7418
2290
1790
1294
7868
8850
8216
5506
4404
2379
4785
3813
9308
9221
8826
7249
3737
9741
6183
1197
5350
9609
9304
9768
3512
1249
3726
1104
3750
9632
89
4995
437
5467
36
3291
4199
634
789
456
8533
5197
5067
6323
8240
2698
64
5611
892
620
1701
9093
1319
5863
8047
9428
8293
867
8915
634
2034
4645
6974
3922
950
4377
9415
4197
6088
7455
8193
899
2199
912
1181
4081
5019
5026
6200
1606
5393
542
4794
6174
2219
4444
2886
1539
7814
7497
1006
5700
1303
7888
7638
5123
7874
9198
5429
8137
4347
7678
1482
7488
4406
3343
9782
1789
48
1733
5905
3071
9330
8392
1593
2978
4343
6046
9543
3282
7477
5303
6781
7350
8516
3264
8391
7936
9873
865
2033
3257
2352
8995
7691
7700
9261
5490
6377
5691
2351
9922
6174
7273
9154
812
3880
1766
7565
341
5818
1519
211
4935
1878
1192
8084
6215
2775
9293
212
5694
1648
7751
3708
8357
7649
2181
6449
4781
953
231
2861
8828
5772
7867
1786
8073
344
3799
4262
7164
654
384
8205
30
7668
5289
6410
5531
6263
1940
4115
2502
7671
8390
2414
4403
6309
3577
4219
812
6116
7196
214
2872
1180
4364
3213
2442
341
9111
723
195
5716
1372
7134
6205
651
566
8934
7658
3457
5142
8614
2224
9482
1541
5529
2395
5565
7876
4855
5592
7726
7371
9038
7225
5045
4088
9600
9051
153
8788
1070
3136
9460
5926
2890
2551
4331
3705
9671
3502
7785
7900
4903
32
9957
6701
8340
1650
9579
8246
2661
6291
8030
4688
744
5857
7124
6645
886
9267
1753
9739
3669
8398
3706
521
805
5624
3605
2550
3253
7737
3695
4663
3194
9956
5476
2512
2026
5468
2598
1372
4435
478
1296
2875
6820
2096
7734
880
6892
6561
4056
1975
54
8279
2711
4259
7387
5945
1648
4004
9469
611
1358
3541
68
1999
8433
5296
3826
3565
9279
6291
2447
3871
1952
4610
4618
1687
3695
4346
5922
4877
6686
8382
6334
8649
4739
8951
4543
6989
9297
4430
308
2254
3860
7018
8329
1764
2247
74
9701
7007
7513
5736
9923
579
5216
3167
5648
8346
6786
5262
5871
9503
6233
6998
7116
5127
6137
1709
6309
6681
6936
2552
9498
9481
6903
5164
9360
2564
8868
4093
9504
5641
3744
9969
9019
5841
232
6570
6368
1818
4680
6978
7822
435
5013
5789
1916
1766
7902
30
8079
1393
8880
4856
4549
5106
1000
1350
7972
48
8793
2856
4647
8021
794
3120
1299
1281
5709
4243
1472
8431
4404
4937
2154
8251
2328
9920
4080
2236
4759
9387
8334
2431
262
3489
1291
9740
6173
458
9762
9315
3569
8638
8261
3850
8181
2026
716
2642
8049
6156
9688
4159
8276
6140
7143
2480
8225
1537
2194
3501
6729
3316
2868
5037
6413
6660
918
6102
9151
9596
965
4540
807
1520
7868
8902
4948
7569
9090
36
1986
4481
2063
169
2357
1105
70
2468
9758
2036
4005
2005
3204
6003
1521
9879
4754
1541
9528
5828
3065
1310
804
1084
1693
2911
544
2458
4980
8512
4085
684
3720
7742
2754
888
7400
8333
817
750
9742
6845
2837
2349
9518
7372
7403
7044
9172
9668
164
8771
9647
9299
6349
120
991
1573
586
7239
4826
7839
9690
4164
6551
7458
2325
4552
2293
1273
7979
8917
8023
2692
6501
8480
6018
676
8625
2536
6915
4836
7354
4814
3930
6622
9868
5751
9562
2146
9679
1833
4025
1589
9195
154
9015
7305
3531
6266
8
7778
7461
5986
5226
7386
8720
7363
9640
2579
2525
7268
7965
3509
4154
8173
1439
6420
8680
4628
9366
6177
9559
5632
7926
202
671
8675
5518
4757
9613
3560
6050
2073
3584
9271
9023
2090
3037
5173
7975
5750
2402
8555
6935
7711
1689
4207
7893
5119
7510
8068
976
5640
7182
6260
3011
2346
4948
2836
9470
5239
5087
4444
9401
9218
2689
7750
2891
6098
9235
5966
5850
3946
6737
4110
7443
432
1189
8720
1400
8151
3340
6676
3585
8965
2388
9505
4715
1265
6094
4077
8922
8781
9037
7969
5969
2069
9239
7933
7370
4108
2255
2870
4393
9604
929
8538
9004
3526
8538
9770
7156
8163
2766
7462
7519
9563
8069
1754
7752
3609
4393
9916
4699
9163
905
7280
4538
742
4425
2234
3822
6000
3605
1762
2606
3926
1517
2328
6412
8114
1310
1977
4642
5729
1848
3460
9245
6851
2832
4917
8934
779
1823
4188
1034
5569
8781
5173
5209
4573
7267
9839
695
9108
5284
7449
1443
9466
2913
3351
1624
7481
8310
3328
7318
2567
8467
5850
8881
9776
6169
3870
2495
2759
36
9797
8705
6736
197
2151
353
6587
8217
75
2280
2999
6193
2351
375
5224
6628
851
8148
2478
1617
4484
4827
7246
7174
8573
204
2843
6120
6375
7914
4456
835
3951
669
7604
5415
6984
8056
455
5267
8279
9969
6747
1052
7684
6466
4225
3003
1940
7922
9422
1124
586
7685
3405
6550
5454
3163
4639
9440
5519
234
4538
9155
5913
196
8469
3217
9762
8065
9960
2546
4167
6018
8709
1818
7140
5947
3613
5435
592
706
498
1578
5563
4482
463
9053
9818
8886
8857
4265
4644
2889
6772
8537
7243
1503
6629
9202
7455
237
958
1431
2703
9807
8797
1597
3067
8283
7240
7105
9137
5962
6658
2123
8939
1580
6829
3374
6612
7192
7825
5278
4777
3021
3864
9112
4541
2892
538
6570
1965
5488
5843
4144
7470
6596
3258
1065
5155
2750
748
211
2257
7237
3020
8341
5135
5307
5620
9293
7021
6599
8528
1375
4565
9307
3792
8074
4693
2382
6456
9417
687
9234
508
9857
6538
8788
1947
7381
1613
7506
9160
7692
3478
9056
6771
6791
5282
6658
2873
5028
5589
6836
1134
5831
2701
2278
8648
2664
2613
5844
7597
8527
9565
7347
3809
3299
830
9688
8103
5601
2855
1161
6971
7458
4163
6296
7567
2050
1525
8490
8254
7092
9840
3848
21
8966
2862
7142
5972
5645
1488
7637
5782
9658
8644
4594
9528
5856
4997
9762
625
2601
7678
6853
731
9118
5011
6080
432
6258
3829
5220
8276
2646
2393
7311
7302
3311
1137
9110
2597
3279
5525
3741
5588
4338
135
5589
834
9176
783
5399
8844
3484
1945
8817
4134
3210
45
2156
1158
1154
9284
5022
2006
4350
5583
641
8849
1273
5960
1210
977
5811
5191
7395
1000
3154
8964
8241
7250
1270
2896
166
9804
503
9767
1459
5608
2928
3112
1784
4208
2620
3918
4523
9286
7719
8583
3501
2819
5305
539
4618
8035
444
4958
7226
4557
1543
5831
9697
4111
5121
7374
8574
8032
4475
7184
929
8401
8353
6873
5121
3114
7720
6995
6003
1436
977
7016
6811
679
566
7791
1475
6493
6814
3549
7892
9009
8083
2770
4794
4529
9782
2460
2333
7818
8695
8349
9190
3171
3176
4298
7106
3379
4245
7829
7092
4477
7409
5084
261
733
91
7773
212
8713
4979
6681
3207
1463
5285
1200
7000
3858
3981
1965
9114
7987
5355
4204
595
3070
3934
2661
1841
7876
2749
5087
2962
4835
213
178
2318
4148
2458
7611
3370
3036
5884
2309
1786
33
2883
2486
1871
6654
2228
1142
3809
9175
4458
3669
955
1336
1732
35
9482
4749
1092
8594
1034
7561
9857
2
2738
3473
1949
3937
7923
2619
4351
8371
5170
2993
3624
995
2988
6137
3412
5052
2287
3606
5234
7317
9113
1378
6475
4283
5619
7814
1482
3647
8164
7038
3932
2192
7573
3675
1222
7813
8101
6771
4553
3030
8468
426
1562
9650
409
6158
1911
9432
7661
7365
57
3561
1017
9365
3595
4555
3162
9458
16
7811
351
199
9501
6432
6681
5653
6471
2170
713
4793
7988
7420
3490
8373
2846
7989
1620
5659
1192
4071
9039
5177
862
7332
6290
9317
3283
5281
6727
6042
8720
236
4925
2235
7961
9077
3739
2273
5099
1735
2966
2316
3967
892
4378
5489
9014
2721
4974
5636
9914
8671
2793
7678
8058
1260
7306
685
2211
2665
9519
5797
88
3454
5251
4814
2387
270
8749
6888
5878
5465
2792
139
2586
8753
5746
2183
2780
784
5644
8604
534
1219
6309
1193
1947
9361
758
8446
7766
3681
2718
9229
4129
7696
7923
6786
7391
3563
3051
4364
1616
1478
1665
5564
203
2514
3311
2281
6329
4897
4070
555
410
8860
4256
11
6637
3214
1733
5691
4777
7564
7364
2016
7903
7688
2462
7404
1477
8033
6831
4606
4327
4483
9927
6237
7424
2634
7031
7166
2106
1624
6904
5428
5401
1260
7339
1162
6461
642
285
8706
4743
9806
8739
411
7561
1967
3513
2031
1888
2903
9129
8586
2892
5714
4610
6487
9575
3762
6737
2434
6107
1925
458
2064
5977
6478
3563
1688
4893
6897
503
4568
7562
8650
3257
9140
2891
4681
5543
356
1967
4662
352
6862
3229
5361
9756
6158
9681
2484
269
7042
3671
4212
6652
3677
5815
9338
1990
8422
5959
8339
2089
1226
5757
4085
7842
1805
4357
9898
37
7105
1006
6682
7284
611
956
7501
9243
1953
3949
7563
4109
4961
7770
9912
1462
9810
2908
2291
8999
264
8161
8621
4424
96
1212
9337
1821
3781
2637
8414
5197
5255
6599
1341
591
5147
6559
7531
2101
1271
9741
2690
6519
9322
9800
1517
5864
802
3168
8792
7049
2952
886
7366
3148
1143
4389
4869
1299
7621
667
7058
8137
1746
9499
4635
4836
5954
3057
2096
343
8540
6057
1720
3175
9071
2874
3144
9286
4749
6527
9165
5934
6343
3326
1351
9223
470
6068
4866
6053
950
8183
498
9583
5697
970
3306
987
7205
6168
1527
9279
4061
6511
6421
5298
8117
7608
3589
5551
6968
5541
8970
6547
4183
5892
8190
514
408
1568
6240
8910
6873
8759
5550
1068
9115
2637
4454
1426
2790
6976
4765
343
5342
4809
6718
294
6983
420
1888
1326
1959
6497
9878
7138
6389
4132
2514
5855
2103
7477
116
7637
6869
9351
7983
4631
107
8847
7660
7458
9841
7096
6800
6415
939
2731
3436
4885
6956
4314
5371
7070
7869
3012
3035
2071
3815
5145
4651
1626
604
884
5829
9321
6194
2333
1825
5012
8600
1514
9604
9325
4759
6340
8597
9640
6789
604
3545
746
6737
2173
216
479
3452
2138
4934
3089
5538
6497
1812
820
2449
1102
7419
7258
1784
46
1171
4352
4544
7479
1185
8710
1736
2884
9531
1754
5054
287
7901
2638
1592
2552
4512
2438
7537
2967
5783
3071
8624
7641
1769
4621
5755
3903
2622
333
2648
1832
4490
9388
8634
8361
7136
3752
3785
5934
2317
6906
5455
643
1497
9044
5004
7966
3809
5462
987
7733
375
2291
412
3827
9038
6472
2806
8239
4369
4911
2778
3578
1431
1150
5518
2911
8151
6550
6261
889
442
6977
9110
5523
6198
5304
2820
5683
9179
4646
1161
5416
1456
7179
3280
2521
3560
8649
5139
5477
4777
9215
6540
9755
2127
7163
9509
1863
5496
3181
2888
7012
8097
9406
4872
4242
5995
9249
9903
1017
7772
1115
8880
7845
5594
1581
1929
2322
1884
1333
1135
1124
1641
217
6583
7964
9006
6138
2800
5292
8134
6199
4285
7592
2609
7508
8169
4557
4740
9335
9285
3112
5871
7968
7891
8304
1549
518
3154
4378
847
4182
6102
9057
7433
3018
4231
5971
1098
5171
6180
2466
2341
9656
8991
2613
9371
3303
2340
8145
6396
5280
3811
3242
4449
8724
6823
2631
1143
6446
8119
6298
3756
404
4869
8251
794
2734
2392
1251
834
9445
2239
4195
3825
6604
6991
3916
9275
2831
2474
8586
7780
1196
298
5595
7227
8275
3658
2826
2628
8015
7134
8574
9072
3329
6870
2006
528
8884
951
3029
3363
4419
1087
7691
2349
9106
5740
2870
8643
3978
1746
1836
3806
1227
6176
567
1231
6327
2688
3149
6554
1331
6932
3491
1587
5480
3729
9680
2094
2270
4673
6820
8352
534
8567
3920
8844
750
8689
533
1661
6799
256
9208
5230
7682
8647
553
9846
3350
3982
8732
4141
3714
439
6549
6111
148
9358
912
6605
4364
3607
1471
4292
402
6963
7451
5033
1653
6311
324
5305
6337
6368
2850
8892
1667
6329
8237
8374
9026
5346
6675
8144
9958
9055
374
3648
5461
2533
2354
2317
9194
5980
8704
5312
8511
8219
8815
5550
5974
9626
3181
6781
7949
545
3726
465
6225
3410
7385
2091
3196
6788
9651
6228
1090
7427
1138
82
959
1989
6899
8628
7726
3603
5149
475
3417
9647
9356
2554
1925
6225
5236
3447
5126
1693
2089
9694
1969
6297
6134
6805
9305
7477
2012
6831
5631
722
7470
7359
6664
4007
5408
2569
4750
9767
6897
5595
2441
2142
8585
2856
4278
8798
7973
5253
9815
5989
465
8143
5213
2767
2784
1909
352
5213
8391
7537
3356
4409
1877
7164
4654
2501
939
7797
8268
9646
6530
7535
8871
896
4032
7532
9374
6159
900
9667
5243
8229
9129
9439
8614
3616
4087
5941
7337
8382
4806
5944
1553
6527
4659
7106
3136
1605
5480
6093
1371
3197
2670
1021
1655
8607
3602
4043
2636
6767
6712
9111
1238
5658
4085
2014
4299
6812
6042
4638
205
425
2262
3034
3783
2465
323
9401
3014
763
9169
1353
6631
560
2014
7944
7599
1198
428
858
8580
4760
8957
888
2050
4315
7541
4352
9504
4142
7182
1496
1297
6797
2857
9040
1140
2235
6499
2051
6966
2315
2029
6084
2985
9959
3880
9165
6067
6022
223
4569
3316
8470
2202
9618
6678
7865
891
2731
4710
367
4369
823
1298
4432
8383
1818
6008
251
5359
2525
1016
1585
8196
398
5116
8101
7244
8829
6173
2584
1134
9510
9570
1457
4702
2167
1687
8938
192
1470
4275
4866
1079
3298
7680
3704
1432
7713
8327
7598
7531
3943
8601
9471
2644
3504
5338
3079
285
1164
6485
5746
6097
9880
4184
6029
3563
5080
6533
2970
4146
5667
9569
5793
8202
4026
5652
2892
8995
4930
4346
6816
8514
3757
7150
7531
417
7704
7987
9768
2420
9791
7216
1444
7690
4360
8130
9273
2406
4510
1383
4539
4570
6452
4609
6722
7323
3098
1607
5144
8574
9405
7887
9165
7596
4932
7152
5571
8356
4888
6297
7731
8854
9533
4925
4900
5483
3230
9020
1572
1538
8655
7441
6202
9385
8723
4197
5803
6520
8641
9069
7934
6775
3169
4104
4412
9268
9629
3729
1733
9327
5526
1792
1614
7611
716
9713
1334
5898
7992
6113
7638
616
2684
9768
9832
8087
1395
4548
7406
8653
2384
7140
5031
421
5223
5741
3095
7144
5384
712
5084
8952
163
6166
4051
9082
5979
4920
9179
4556
3486
7830
35
3813
6170
2603
461
9727
142
6432
6276
2154
7705
1448
959
148
4902
1895
1307
372
3791
7205
703
4834
3413
5672
1060
8065
9582
9324
5791
1137
2512
1757
5202
7481
3025
7188
2612
3394
2644
804
4182
4319
194
7594
7961
6513
7749
9271
7968
2552
1687
6666
7267
8287
456
8001
9948
8303
9210
1836
5665
6727
2945
7160
1982
323
3929
2088
9141
1187
6325
6941
9068
7100
708
7100
5462
8596
3878
5947
4599
3153
4827
8474
7143
8568
6025
1673
9707
9527
280
8699
1146
3675
7359
9993
2646
6053
1260
6014
2570
3697
8605
3075
6700
5394
928
5853
2030
5106
8851
7630
7600
1429
4072
2005
8972
9598
5909
7917
3919
6998
2750
3183
5642
7948
5142
406
6416
8567
6529
3148
8933
7987
9637
9529
4822
7835
1413
5057
9841
7979
7041
6419
3026
2833
4064
3199
2761
9197
940
5060
6151
3546
421
7786
9338
3980
7120
2760
5496
9606
310
960
4104
8066
7557
4353
9803
85
2160
4677
1640
8487
7501
2059
3856
7935
4417
3637
7466
811
3491
5407
7860
4113
2749
8928
7405
2030
2669
8129
3589
8923
4670
534
2644
7872
6224
1455
5787
624
5660
9386
207
5838
2338
5710
9779
3837
3387
2111
1083
7739
6470
4630
8791
2791
9148
4148
721
8032
9342
9318
6933
6948
8106
9389
9133
6748
5467
1241
6345
9044
2452
7016
317
8282
7579
6196
9460
8090
4065
8699
3235
9861
4811
3649
9877
2368
5798
1805
9074
5952
4982
8365
7817
9956
2970
6801
2009
7420
3826
3744
8624
6836
9183
9501
3202
6713
6539
8774
5318
5109
3051
1333
262
2872
9473
3021
8644
6362
4952
3272
6883
2639
2344
6557
610
7730
5406
1628
9908
6479
3799
4263
9999
684
9164
6327
3519
773
5693
6388
806
5088
1637
4873
2804
1
3929
9820
7102
3570
6742
7633
1406
5178
6214
6938
289
3732
7776
2627
499
7355
9586
1496
7222
8255
5423
477
8807
7455
3043
3433
180
5420
9492
2682
5894
6249
3164
7028
2157
5102
3484
8883
3454
746
3029
9316
3461
7763
3598
1283
1824
5799
7329
8176
8073
6490
6268
6881
1453
2208
8988
2009
777
4608
840
695
1544
5113
5167
5412
8503
3927
6489
5623
607
8964
2992
7775
1887
1134
4974
7124
6137
7860
7864
4205
5511
2394
3337
3360
3155
2537
9694
686
7792
8685
3142
3990
3831
7812
4928
7915
4023
6911
5364
3258
2921
6750
4697
687
8513
4328
2522
5549
6237
362
1956
2286
4321
6330
2161
4077
1883
4112
2961
5764
1550
129
8281
5867
6489
5021
928
6538
7695
9359
9825
8694
1147
5673
2244
3217
5990
7168
7808
8147
4311
3888
8052
6064
270
7807
5215
5481
1345
9366
6592
5027
7286
9275
6240
9411
2991
1098
4136
1726
9986
2058
3997
7535
7440
1809
4859
2335
7702
1486
8277
5522
3269
8250
2516
756
1753
3771
7478
4756
2947
8603
9268
4009
7416
8239
1285
1573
9143
808
9502
4252
5757
812
3226
3782
8572
8090
9014
4328
1291
6283
4686
2613
585
476
2382
6285
3945
9400
4488
768
256
3598
3907
4751
6312
7326
645
9735
8170
8558
9952
9600
9661
8492
3384
2027
1646
9160
3046
4806
4682
5398
1035
6514
4629
5284
593
2920
5452
1389
2901
7512
5965
3704
3543
7061
7583
3951
5698
789
8300
122
2881
4854
4042
9568
2672
2156
2311
8729
4276
1214
4608
7675
6996
6805
3511
8060
3744
9405
7460
3745
3544
60
1355
4450
9688
2272
3846
4053
5647
2703
2858
6868
9148
8079
9340
7157
5934
6538
5469
9425
8626
7841
7638
9629
2851
8363
6416
338
2331
3597
5385
6079
6976
3007
8256
8652
3207
9507
9000
6013
3707
8597
2849
2492
4571
208
6988
2560
1456
9730
8496
5150
2742
3331
3699
609
6918
6693
7444
7780
3493
5601
3026
4393
1540
1417
3512
10
7681
4433
3006
7067
5783
3315
2049
2240
3918
9426
4812
7304
279
669
6946
5929
8611
690
2102
466
5483
5746
1942
650
6251
3404
9213
4374
3922
4277
5945
9215
5282
523
9159
2223
1651
2495
4592
4642
7405
8053
4933
7684
8001
7374
2771
5270
680
9798
70
9722
5235
8242
5351
6799
9263
1006
6958
7185
2211
435
5815
2552
5137
2817
3864
5680
8644
4145
5055
5735
9687
1933
4167
1801
9084
4137
5031
10
5476
2420
3761
2230
8194
8493
4535
7137
1058
9063
5106
7753
1447
7055
6783
3001
4201
4181
8913
4738
7831
2712
1051
5798
1356
2314
6926
9108
3666
1226
3105
2676
3723
9712
1793
343
9147
7724
1627
3616
2784
8015
2486
5564
1688
557
376
3847
625
4064
6258
6222
2695
5656
8314
8575
2928
237
617
2448
6861
7081
2409
6332
4966
2234
1271
2584
5574
1898
359
9705
3454
3723
4557
7952
8557
72
2951
4774
9624
9764
5289
5390
322
2520
8287
3007
1347
3417
3542
2592
568
3008
2603
1936
4683
2457
6313
3803
85
2034
4905
3372
7688
5602
2565
5891
6305
3384
5152
477
1847
180
2606
7355
5079
6507
8210
7459
8970
5630
5300
5288
7779
380
8309
8195
3910
9776
9072
7851
5346
7032
1219
2561
5956
7261
5189
2283
3368
5378
3879
1761
4248
2078
4298
996
4793
8545
3708
6446
5068
8599
9689
794
9384
333
2321
3914
1360
8019
3264
2744
1518
8996
870
3170
7325
9632
2692
2753
418
8991
6748
9146
3449
8848
715
5380
9436
3869
3880
9868
9814
6373
101
5923
3479
5964
1318
2853
8037
5452
195
8326
6182
1055
7382
9529
4701
6606
3573
8939
925
8653
9056
8971
1619
1765
3748
8672
2308
1082
8884
4734
783
2221
7427
8583
7172
7025
4078
1080
4361
7297
7282
6437
6773
7685
5070
7381
2575
3170
3715
4280
4210
6238
3239
1994
4833
3747
6598
9555
3714
3737
27
9388
1942
8007
457
4820
888
7124
2189
6822
9783
734
9082
3582
5513
7530
382
9359
7265
6041
8038
2311
1005
9514
842
4503
3948
5616
6058
1144
7149
4404
2355
245
5147
6083
8777
8355
5179
3422
3265
2823
4906
2417
814
6093
6840
8730
5731
2964
9661
6800
4648
7452
1508
3082
6975
1909
7969
4857
7283
7404
7978
1244
9736
1012
4134
3667
8174
2629
27
8829
6656
1193
6106
8478
4390
7793
7344
6735
5837
1042
471
7525
1485
8299
5939
1834
7282
4860
9919
6879
1068
2063
4621
7079
2451
4422
1017
9733
8533
5343
6653
6699
1663
765
2646
7043
6934
171
8192
4633
6565
4769
7961
8931
5479
3417
7597
6890
7398
7837
5209
8775
3625
31
2228
969
7281
6460
5277
4394
4239
5496
1825
8032
8249
6947
6300
3236
1811
5037
65
5972
6261
9121
8203
998
4196
9627
8417
4052
4918
262
2506
5579
8855
1315
8869
2279
97
3090
5262
783
7077
2930
4660
1170
252
4074
3471
6691
2153
9697
590
79
9589
858
7818
6113
9990
2802
7027
4749
3853
99
7101
9029
3125
7433
4208
7255
943
9487
2177
9446
1631
369
5935
3991
1101
264
9807
1565
6881
4614
4265
9885
3874
9002
9220
4698
6651
1151
9303
9485
1599
9958
6781
8825
2542
334
689
8093
1630
1764
6581
5218
3188
7961
9891
8610
2024
4771
7324
9041
9234
3574
4901
2248
7932
7814
8359
3350
8561
1021
1430
3785
8398
5700
197
6389
2733
3811
7218
4516
5819
1199
7376
6613
8134
318
8542
8574
2766
7838
4025
2344
7791
6355
542
770
3416
2272
4967
5472
2338
5175
5451
6642
9299
7538
7731
1124
1113
7417
5340
7841
1611
966
3309
7710
6859
6057
8479
8560
4797
3050
6015
4247
1
3892
908
1128
8648
6052
5300
4409
990
3594
7332
1467
8622
3643
4869
9177
1667
2882
7928
7555
6635
5363
6960
2530
9151
9842
178
6574
7029
2190
2127
7083
8204
5939
7318
8887
4961
2004
7385
9086
565
6761
7512
9533
6923
6245
8066
4694
2223
3031
358
386
5635
1537
1236
1931
2104
6926
9808
8645
4025
2587
1033
5254
8157
1243
5124
9829
5533
5134
8763
2138
9300
1457
3964
5926
453
240
3119
3584
4225
3196
4193
1873
559
3719
8371
2985
514
187
3534
6025
6717
6977
870
239
62
201
8648
2772
6727
8077
6730
545
9274
9046
7749
7988
3125
4291
6035
9775
5013
5133
3366
444
3147
9946
1414
866
9778
9675
4328
4883
5612
5850
1355
8108
2090
34
8603
4894
1931
9081
1087
8770
555
6272
1075
6266
973
4429
6396
3979
2594
3441
2860
3982
16
1295
8226
3236
1298
4651
1272
8507
6513
2309
8408
9525
6404
2447
2037
9552
7892
2481
9380
4395
7854
8547
7851
7962
9117
163
3236
4944
2922
4476
9889
8901
252
3607
7973
7125
381
8127
1366
1999
8725
9417
1265
2266
7689
3798
4754
6610
3554
1684
4643
6247
9671
5743
6745
2875
1227
3079
3403
3223
9667
7764
7582
1718
5495
1718
121
8321
6635
3905
3836
9468
5771
58
2104
6223
4174
7765
6251
5255
1400
4638
5647
5044
9950
482
6742
1853
1484
7944
2432
7425
6497
9923
1164
3123
2528
6189
5930
3253
6876
6125
6940
3736
8606
9283
8160
915
1158
508
7150
9324
1286
1818
9641
6522
2227
8927
5197
7737
9042
6311
7913
2982
1851
1076
6636
4553
8365
2528
2450
3373
522
1298
7271
8527
1325
9172
6345
5499
7037
8340
9127
5124
6781
6705
7596
7072
6281
4076
8396
8811
4993
2618
5359
3404
6211
3764
1957
7265
7839
2928
9008
2045
7499
2854
1569
3170
9382
6178
366
1279
1825
7888
7345
1754
4003
8756
1950
1877
7282
1547
4610
4747
1830
2801
6579
4039
1883
4369
728
3908
3689
487
6213
3928
8638
8175
1025
9793
300
988
349
6714
8187
8763
5388
3929
2959
8894
6850
5542
7446
7876
9651
5054
5410
5387
542
8337
5268
7022
8370
2593
9148
5942
7441
6860
8576
8146
8088
3021
6883
873
4951
4932
4957
8724
2687
7300
1382
7477
901
5234
182
1303
4930
23
9412
5102
6750
6605
1640
26
810
3467
3032
6895
2833
6244
1156
9186
5772
2175
2931
4543
5985
3736
3166
1346
4456
6278
1066
4783
2406
6313
6743
5066
8016
4178
2308
8979
1106
7270
2422
4769
5657
7785
7327
9542
5790
1931
7328
7797
9461
5967
1450
9498
5536
8114
4570
6182
4123
4357
6711
3983
7111
469
5377
3187
5686
2217
6820
4951
4281
634
4956
7138
5890
9485
7277
2901
1964
7607
5551
7599
1218
9696
5369
1887
5580
5252
2671
1435
8261
6934
7254
6625
8449
6354
2977
8773
9489
7468
1884
2966
2588
5142
4786
1438
6034
9253
3973
5543
756
2677
4689
8877
6589
4951
748
8854
106
2039
6245
9116
4020
6631
9709
608
285
2722
9231
4794
3798
2828
7115
8583
1345
6134
428
6809
847
1105
9438
4816
9306
6648
9418
616
3914
1802
2497
3397
9732
5082
5368
2719
9059
1121
5507
663
2160
4055
3273
7385
6368
4215
9768
9075
750
7108
646
6137
6496
1450
4218
8578
8992
6017
8119
5046
6128
3502
2581
1721
8826
3212
9938
7381
3974
3446
9330
1332
7034
8710
2835
1633
1393
6514
4200
2040
4247
3479
4231
7475
4243
669
7469
9424
4418
3653
3282
4681
5072
3680
741
3088
5124
2493
705
2548
7238
4843
454
2445
1532
9540
5892
9864
5061
2025
3836
6497
9394
8842
2273
7957
6624
7183
9543
1413
4915
683
4410
1861
8298
6041
7702
2176
1852
3736
2793
7145
2622
62
6582
7097
8688
7042
4819
2443
3615
1407
5629
6492
1236
3724
2936
215
6132
4029
7079
9298
8529
876
3412
793
8375
6564
885
3926
2339
2506
1725
7239
9137
5191
184
2130
3184
4980
3038
1054
3903
7132
7025
7202
8170
6854
8735
1291
6400
7930
589
255
8519
7530
2508
2093
4697
8196
2625
901
7143
1632
1954
6205
3455
7981
7335
1111
9104
8529
4168
4502
6440
9424
5423
3540
317
8915
6312
4060
5879
864
4545
8109
2349
2854
4630
9823
7789
8053
879
3138
3666
6215
7878
7394
4853
661
9054
9808
168
4904
3675
6996
962
4713
142
1254
391
8805
8710
1140
4021
4144
9969
66
3186
9853
6318
1037
6112
7115
2441
500
8273
1143
7378
9296
2631
5266
5137
4170
2484
6498
3028
8944
4486
6578
6880
534
7065
2401
149
1311
9964
4985
9522
5939
3888
6715
3126
7820
5375
2422
8655
7530
916
1095
7833
3209
6057
1459
503
806
9787
6514
6339
241
1860
9197
4680
2117
846
3813
3300
8430
3709
5577
5085
9877
3502
3694
7518
1828
335
1776
3628
806
2247
3053
4650
3404
6787
6851
4023
9964
1185
7102
9524
6065
8828
3292
5389
5885
2436
9150
9062
2848
9804
4656
7857
4595
6259
2494
9272
1330
9107
933
4940
8794
3239
1315
2290
9790
3805
9823
9867
1006
1403
9994
1947
5162
7578
4579
5626
1975
3611
2772
8838
5323
3525
1580
935
8100
3066
8157
8376
748
9970
3303
6862
4200
7307
4997
7791
3080
851
4851
1332
392
3528
9636
572
641
4807
4712
1241
4376
580
6058
9310
3441
9559
2899
4404
2921
5499
3444
432
2702
675
2147
6064
8825
4926
8053
6795
2460
6352
326
7188
2152
4253
8826
6613
3266
2272
4732
4279
7039
9863
8659
9710
528
3181
1425
2928
7839
2303
5723
4556
2544
251
5275
9833
918
751
1774
2072
5751
5856
8878
513
873
1618
6847
4687
7240
9848
1017
2443
2475
6653
2263
1604
7067
3944
7811
5832
2111
8378
6350
3776
5405
3308
2241
6779
5029
3233
9806
4549
2078
6961
197
31
7169
5260
101
4460
8507
1086
3723
1058
2862
5691
6850
1158
4616
1851
4614
9696
2203
6279
2558
7934
5735
6850
4041
56
4365
6742
5657
6830
7034
6751
6354
3946
5663
9151
5247
4801
5531
1267
7736
7531
3648
4630
9457
3922
2221
6046
2876
3439
1018
208
1839
9089
9341
9577
5314
3066
5639
6184
2705
9224
347
1721
9626
6289
5467
6846
4832
431
2598
7962
6118
8317
9651
9909
5433
2098
5332
5988
1191
5908
9621
2510
8829
9412
7931
3694
9033
7682
6429
4121
6711
8273
6046
215
2818
5747
3159
9226
5427
1073
5600
4085
6055
8380
3670
5118
2201
4320
7224
5136
7277
5966
1471
2664
4694
1590
6154
9215
3707
4950
5026
390
824
7774
5127
7353
2082
7005
8263
4743
8263
3104
326
3454
7303
3156
7580
1870
5518
7930
2907
7130
2054
5080
9150
8779
9014
1726
1140
773
3075
8312
2793
4222
3099
2303
719
2467
2244
4584
1222
2163
2366
3701
3259
8843
3135
3018
5941
3168
8233
3747
5544
4475
6208
2409
3587
1588
4168
4738
4544
6924
8307
9312
9013
8859
6496
3245
5749
9029
4623
9177
3886
5808
189
7500
4859
2542
3791
236
2100
9276
1549
3352
5369
9719
9270
2390
5792
942
2216
2262
7084
1956
2698
5812
8247
8679
1400
7317
3112
7083
7354
6489
2481
3308
5748
5736
5363
9412
2421
8440
6794
6088
8782
8854
1100
9136
1186
4830
1080
4805
4292
3050
5581
191
8866
2703
184
8808
623
7592
8329
8179
8210
8573
3094
5834
5260
7901
3065
2442
3535
4587
9255
5993
1620
5173
3858
8908
6386
7488
5804
747
2476
5869
2507
2800
8452
5119
1999
7244
6918
7028
4722
2803
9924
7670
9648
852
272
5892
5119
805
3952
3417
811
1252
8884
4809
3579
3808
364
1170
6577
9939
4192
4907
8016
7100
4313
4152
3201
9475
2989
4490
1075
307
8015
2544
4384
7361
3300
659
820
418
6244
4424
993
9860
7787
5123
7937
8379
8742
7311
2010
3644
9084
7668
4493
8367
5222
5060
2991
5597
3997
3275
1799
1346
1105
7324
834
3640
5963
1361
7401
6993
4683
1312
6134
3919
7691
8109
3750
615
8847
8064
6929
2218
8402
5374
3592
4141
3063
7984
113
9935
2574
2143
9604
2803
3742
2838
9305
7492
9617
7010
8321
1599
3690
3961
477
506
6374
2669
905
8149
3782
8892
9115
6596
6891
5867
5777
1033
2531
1160
5208
3159
6331
8834
657
5225
1727
451
4855
8986
8488
626
4059
8714
8785
2890
9777
5041
8783
9390
8771
6925
8998
3651
8524
2292
7170
9007
2362
4029
3330
6630
5670
6908
7866
6102
2254
2753
9930
8407
7772
5703
5313
5886
5401
6785
27
6218
7401
7159
8297
7822
5111
2388
1368
2179
9019
5892
6624
4574
54
8301
4865
8458
2994
904
7277
232
2984
5554
2618
662
6552
481
9466
6271
9235
1285
7968
9131
2939
9076
484
6245
7506
3162
755
385
2598
4045
6779
2668
7993
3510
3444
3439
2635
2575
7170
2073
5395
4754
6273
8225
3377
1656
7601
6725
6839
267
2097
5840
3300
6460
9364
3956
7263
7231
4091
2838
6124
4962
5197
6608
7295
615
1975
4316
6360
9171
170
559
1160
9867
4915
2996
2096
5810
6782
7795
4674
2420
1787
4045
6319
1800
6169
6032
5837
621
1943
7851
551
2406
9853
8336
3088
1178
2160
5490
7099
2388
8927
8733
8743
8728
7928
4101
8701
3012
117
2289
7674
7631
9746
1902
6861
275
599
616
3743
8585
7588
5075
2653
2188
6023
6312
9058
9171
9195
1235
6301
5480
8633
2280
3566
9925
375
6732
4307
4564
4897
4423
5037
35
7959
7481
5423
8122
4584
8686
1975
9279
8585
5578
9254
1161
5671
5920
4490
5285
8968
6409
3788
2884
2022
541
672
7730
5828
3485
629
3243
3227
1472
8517
3578
6139
730
9239
3508
8544
6334
5920
9949
848
4441
3957
8714
9329
2365
3803
3731
7753
9666
106
2338
6889
49
9896
9530
1687
8198
7962
6049
5164
7921
3212
67
2672
7940
5882
9895
150
9536
1774
5608
5216
5845
6368
767
484
6074
8600
1554
4411
9174
1380
9498
6095
548
3526
5763
6999
2288
5659
9445
4348
2114
862
9732
8066
8706
9368
1914
5581
1436
5459
221
6527
652
3831
6264
2464
596
2201
433
5084
821
6670
5059
77
3520
6471
2341
2787
3588
5110
7103
6138
5407
5630
4281
897
5390
8760
3728
3284
2113
4040
386
5193
6501
5652
6166
7821
3004
6689
992
395
8933
7819
4373
1859
3213
8930
5591
4866
7688
5218
149
8251
3814
2401
2455
6259
5086
9273
9909
237
862
9638
1514
1265
393
9827
4948
215
6795
2448
9605
5142
9486
1810
9570
4561
162
1553
9681
9169
1771
382
9905
3891
2163
7571
8087
6706
4077
5872
8799
705
965
5850
6513
1012
3775
2276
4592
8804
7287
206
7704
500
5817
5620
4175
1408
7217
3108
6552
9569
949
972
3136
7384
741
2336
658
5704
4808
9383
8385
7501
6971
6659
6966
5991
136
8564
1081
5121
9526
5576
3581
8713
6838
3573
229
8242
8067
652
8352
8198
7105
6308
9791
2319
4449
8485
8351
3578
5337
5090
4666
5748
4468
7858
6819
4618
5087
8135
3391
2463
8679
6097
6701
295
7749
7191
7905
8531
8268
2190
2367
8275
228
139
3248
2175
4449
6690
3613
5954
1309
3843
2523
9135
2359
958
8554
6240
8953
1039
4989
7778
2940
772
4505
3726
3250
7551
7632
876
8766
1845
8450
9422
2250
8623
3060
3462
2315
7297
1206
4714
409
5660
9084
8680
7640
9611
1879
7713
1861
7161
7825
6046
8927
2112
1717
7649
3256
137
4710
9025
1922
7524
8956
5491
3389
802
199
1350
6685
3620
8768
1439
9333
5828
9601
3986
2669
8521
4905
2466
1325
7946
8827
7163
9586
679
2152
5568
1109
2193
6431
4380
41
1084
1173
4884
980
1586
4797
7810
2411
7726
9866
3354
3247
3513
5813
7007
4951
4861
7828
2078
2338
634
8893
5330
4587
2122
3021
3044
4288
2578
1698
1006
6391
996
2251
3376
819
7223
6392
2244
2208
8731
9556
1780
7748
2854
6814
8300
9405
2193
9111
351
9957
4982
4389
934
3227
6721
1737
7395
7627
4118
3142
3146
8736
7512
6636
9436
995
3288
6674
4621
805
3590
2439
3079
3333
6577
2430
5791
3141
6878
4167
9878
4390
2498
1138
4937
9830
1427
5225
9888
9023
8461
1747
5224
5356
332
6003
2052
8234
5153
4726
1113
1595
387
3213
2102
2355
2091
9079
6032
2740
6996
6539
1121
8589
8163
920
5754
1647
4404
1725
443
7653
3428
3961
4359
3573
8771
1685
1051
6734
968
4771
2228
5788
4126
9737
8135
8490
93
8147
7961
4025
3760
1582
3977
8330
4668
461
8645
9257
2071
5102
4825
4683
2869
1322
5373
780
4420
9603
9920
9499
7143
6413
3447
4059
5023
8582
3347
8700
5674
6852
9162
4336
5434
2644
1856
4810
9135
2930
7594
9468
8640
1650
4344
6485
9016
2573
8301
7961
6318
7704
1134
2186
6321
7384
8356
695
9297
3092
3738
7694
1921
1617
4625
7310
3748
9751
8250
9726
2349
1933
9699
715
8157
9397
8051
347
7337
8283
8403
5720
8615
5886
3970
9434
7862
8787
4283
255
2460
3935
2584
4892
6019
3938
8004
151
2812
784
5806
2870
487
8006
2052
961
9048
9919
7436
2686
3886
7967
8670
2807
738
8434
4837
3707
815
2840
432
6711
5108
2165
6388
3887
7858
8752
5381
3409
537
5163
7897
2212
9344
7609
1127
8102
1153
2637
3626
9762
5163
9702
4836
7140
58
8950
94
6630
9405
3120
8517
5102
1215
4777
3324
4409
1132
5307
1521
3253
2546
29
2697
6491
1064
4622
4662
2860
5275
1632
7078
890
460
2248
2889
9335
7054
7783
1371
2826
1002
7307
5899
5685
8918
2763
4185
6787
6948
531
8634
6248
8591
8924
9753
301
3367
4339
6048
4188
5212
4946
9782
4155
6722
9670
9076
8725
2983
1964
3396
6259
6607
2431
1217
585
3814
1666
5831
8912
9925
4902
7636
6631
1473
2974
9052
1682
1278
9958
1209
7169
2305
6392
9956
4622
5892
8450
2420
1892
41
7635
4314
9064
3828
2610
2527
2944
4748
4645
7136
5703
6797
816
1905
6084
8452
4572
2602
2202
1357
1581
7989
3419
2476
9857
9242
5049
4774
7115
9723
3689
4033
4983
8510
2892
2356
9301
7934
8574
2105
8020
7435
1063
7522
3455
3546
6012
5169
3556
8497
9550
8423
7704
8038
3983
5772
6115
2405
9104
7380
8347
3078
765
9536
5669
1932
2742
1949
4039
8727
105
8601
9340
7472
2349
8881
4160
2144
2315
2055
5892
7492
2623
4789
9214
1194
4739
8399
2125
9529
7072
9785
3611
9881
7592
7570
2762
9910
3303
2904
3685
5015
3637
2572
7932
2845
7330
582
6297
6031
2668
3256
4858
2075
9113
1984
5880
2370
4294
7272
2846
715
4072
7480
267
5339
4990
5756
3167
7483
7793
9042
8166
3862
7888
3769
7959
9958
3653
3864
3627
6042
6291
8040
4724
8040
5594
4988
5350
938
4391
7050
5537
3277
769
5229
1193
7477
1151
990
2562
2218
9290
3181
723
9918
5847
1644
3980
4462
803
2600
1174
1774
6231
4719
6932
8560
111
8954
4643
2614
2805
9677
6569
1444
6586
9418
6902
4656
5167
4605
2826
9535
4579
5118
654
8560
8925
6147
9004
2207
4570
6904
8596
346
4131
7063
8779
754
7270
8441
4146
3841
8742
6429
728
8548
5418
2910
166
5571
3053
36
1971
525
482
2106
8556
1521
3600
1010
5045
2688
4007
9229
6055
7663
7508
3215
4601
4768
5821
9142
4104
8676
744
2447
3022
1732
3844
2400
3126
1771
6272
2988
6574
2277
2701
1833
4071
5028
576
9546
6183
4991
896
2973
2580
2169
9530
7110
9451
5339
8751
2109
3617
8176
7085
3782
2991
9140
1840
8267
6920
2664
2764
4104
6709
697
7152
7901
6132
436
6426
2932
4118
6242
1713
3585
6946
1112
1289
2388
5281
5871
5869
487
2135
2277
8675
6939
1507
9616
5993
6928
3799
3028
467
4126
3380
5830
3809
7803
5703
7362
7744
1005
6224
2554
2083
2164
1035
9303
6576
8811
9626
5010
8892
8739
3449
4187
4458
910
90
4902
5212
5691
1744
3019
3347
1566
8448
9687
3033
3403
1027
9322
7799
5554
6113
2474
3751
1566
5707
372
9161
1180
6784
5709
9039
4374
2188
7261
9312
1725
2704
4335
8943
111
1589
684
9918
2866
7067
6562
4419
3914
5367
1862
5680
6105
6684
2927
4043
5005
9173
532
2561
749
1499
6807
7113
2177
2811
4397
4453
9484
74
2045
7880
3839
6636
6967
4271
5072
2616
5855
8127
1377
7251
3197
7951
8218
5684
7671
7825
7159
7858
4838
2322
9143
5141
7099
6091
940
1103
9910
330
7903
6483
6651
7178
978
4777
3221
9600
993
4126
7398
8723
8637
3219
7343
2801
4277
3763
8236
1970
7771
9775
5945
791
4773
4386
1908
6213
2684
8168
3924
2030
6353
9087
3458
2170
939
3113
1220
4225
6871
6217
9272
1517
9825
3062
9751
6689
6777
5032
7376
2320
7756
394
5369
4392
1754
2404
2155
2569
4392
6922
9254
7177
4405
9716
9156
6572
5789
5073
5662
118
2545
1525
8134
1401
3336
7573
5446
3502
4120
118
5016
3147
7799
1005
7247
3403
1316
2534
5937
5186
2240
1091
791
6331
8865
9183
9016
3203
110
31
9187
3929
4117
5638
2037
4185
7305
8782
9657
6199
8904
1721
6698
9119
9465
9598
4596
4227
5725
4468
2593
1617
8318
6701
7387
5889
3317
4090
6587
7195
3350
5428
9880
511
9122
4525
5751
436
7588
2709
955
967
8712
2673
4528
9760
8798
4220
8073
4174
4698
2933
9282
2028
9866
6074
6239
3488
168
6136
5894
1705
4673
1390
1284
8947
4187
4467
8588
1817
8238
4603
6885
3865
9407
6490
625
6415
2425
8854
7235
8730
4318
8874
48
6788
997
4322
9776
5901
5185
3922
6136
6131
321
7847
4910
1073
5203
4490
4722
9923
4488
6688
2104
9982
919
433
3065
1712
6161
1782
4299
1335
8448
3134
7402
6553
6930
8342
5041
9440
4535
7256
8881
6821
3460
4151
5246
2502
9989
1298
6015
7621
8223
8406
9013
5079
5540
1063
4333
1523
6113
6458
401
5662
2653
2632
6384
4859
716
8309
5577
2858
4330
3965
7765
290
6536
1199
7267
6156
3456
6702
7333
2885
5965
9162
895
9748
8712
2297
2267
9431
2281
4875
4356
385
610
9054
1144
3205
2464
1668
5813
2745
2666
9196
690
8928
6129
6047
6442
8284
5276
7553
4374
5136
9348
3569
7543
6054
2319
5965
3506
3689
4662
3433
3918
6460
3027
24
4009
8643
1076
9634
7945
1431
4162
7227
4519
9217
307
9034
1251
6992
48
8172
3986
4082
8095
9189
3405
6693
478
4869
9436
6687
1858
1311
9541
6898
9058
2794
7055
3868
8471
6181
1326
7388
7006
5771
2275
2444
8478
3396
8185
3265
9960
5284
6995
1050
5503
6782
8209
6636
7829
8334
4640
6910
2172
1336
636
9043
220
422
6184
9801
6313
9537
4346
8127
2490
2783
2836
7910
3743
7390
9265
4498
9962
5451
3521
2828
6413
3045
104
7285
330
271
7843
3405
7218
3349
4332
9343
6808
451
7692
683
5243
6181
8820
5600
7057
5766
3137
8646
7753
8911
2046
514
5424
4996
801
8003
7695
5859
1291
3118
8541
9729
5362
2740
8020
78
6737
629
6811
6098
7341
1656
6604
7332
6871
4101
6836
3580
2861
9626
8059
2610
2127
2095
2308
2445
3518
5798
1224
2033
6162
844
3423
3955
7048
8471
3620
5504
6697
1889
7331
9928
1935
8856
6672
7950
316
665
4688
749
1641
8477
7967
9516
8164
2004
9832
3451
6615
7410
9357
7548
1931
1050
4622
3949
4739
3103
2176
5731
2054
546
8493
39
3388
2001
3381
8224
2550
7970
9746
4261
8756
8698
8891
9153
9378
8513
5635
8228
621
9847
2916
302
1768
2354
1266
2519
3205
2553
4571
2357
8409
7226
9866
8746
5301
9475
5558
7569
2929
9736
9453
2885
5328
5364
5206
4159
5563
1427
3444
1484
9474
2266
1662
5349
438
8054
5250
4841
3593
3111
513
8341
379
3043
9378
3758
2029
5918
4645
1118
3660
8626
4105
8968
9019
3347
1605
7406
9600
611
3242
4851
841
4815
7275
2653
2434
5278
7032
1514
9378
907
7140
6374
5358
9368
4730
1861
257
2316
8930
8722
9179
6646
3895
2749
1228
8025
2946
1620
2461
7011
3929
1818
8943
9963
8834
7321
2609
6635
3922
4115
4809
3870
121
9745
9778
107
7316
5104
3071
8586
276
6436
8042
8047
8447
9160
6789
8494
6612
1497
725
6184
8493
5159
9873
6345
795
2356
9315
4367
873
3259
5855
6193
7265
5714
7864
6474
8635
9473
6531
8664
3350
519
7304
4721
8866
7135
6168
3285
7361
8326
6584
4323
1674
6870
9425
5097
3466
3896
36
6994
3772
9154
3654
5296
4619
1378
2901
4269
9207
6080
8740
8095
7349
3924
9410
4109
2269
1420
161
8571
4681
7106
351
6779
129
598
3410
8695
5990
8961
9520
8474
5232
4657
458
1287
5073
2042
987
3653
9994
4839
1423
4119
231
5298
1574
9593
8836
6874
7091
8887
2642
6165
5475
9091
5101
6572
479
2290
1823
5695
419
9841
2881
830
8084
8927
9467
2087
7297
1423
6310
651
3991
8259
5443
469
7667
3401
1343
5277
2502
336
2251
9280
6048
506
7580
9034
7449
7548
6709
6110
6421
3367
155
4999
8856
2092
187
8341
4842
5784
4240
2085
121
1409
1149
6445
2602
2009
7208
4639
1363
6307
6303
296
6814
10
5976
6174
7123
8990
9163
1334
7882
9205
9587
1311
9059
735
7278
5946
5727
3633
9557
2558
6823
1425
1956
7908
9215
4036
3028
1006
2760
5684
6740
245
5679
4849
6278
2559
8611
2827
3446
9350
9967
4543
8602
3787
4879
351
7040
6728
4912
323
9135
4020
6013
3207
3150
6206
7655
650
1626
2766
7092
3563
4499
6965
8723
1558
4724
4065
155
8296
5046
5243
3281
5251
7802
1881
855
3938
3134
66
6473
1949
4867
3132
8587
1291
7416
846
7267
8463
1584
7453
5774
4460
1865
7217
7706
9483
2966
5308
4449
1504
8655
3944
7001
36
1763
8537
826
6461
188
6261
2359
116
82
9948
995
4937
4071
3492
973
4937
9291
1059
3431
8028
7332
1311
82
6807
5739
9580
6463
1761
8648
5475
4518
7088
2322
745
1376
1814
9895
2407
3654
9219
8458
9102
4306
5716
793
4460
2162
6279
3482
9837
2594
7269
2947
216
1505
9079
1019
1272
3763
419
2060
2688
1565
3234
4369
2599
7785
2284
9621
758
4335
6214
5441
3481
5789
7595
7847
1704
4072
7847
2276
4609
900
9246
4171
5186
841
236
2699
815
9336
2210
4069
1518
6856
5585
4139
848
2469
513
3510
9595
7535
2900
2159
413
2980
9530
4815
2319
1675
7045
2720
7570
786
8296
2227
9876
7677
6127
5747
2106
6910
9084
5969
3718
5219
5688
3
2963
5938
3961
6080
6602
4298
686
1838
348
255
551
9823
6532
6064
8727
2830
1600
1692
1742
8959
4962
2332
543
3876
2440
8777
6549
5652
2110
3229
6179
5756
7682
233
1868
8334
4728
4844
7873
8720
8036
7903
7350
1275
4194
1332
3094
6132
2065
4751
8108
4179
5261
8365
3738
9712
4944
6116
2503
586
8325
7348
9929
6413
8077
4879
4721
6362
560
2323
9426
9478
6212
3698
4370
2072
3778
3965
6100
8700
1128
9990
7831
5527
9348
7584
3458
7452
3507
1816
8580
3292
3049
4554
1695
6496
7103
5332
6210
2440
5193
9081
9252
7130
1779
6972
6392
6348
3870
4721
2347
8702
4551
6029
6475
820
1676
7559
8463
8041
213
5795
3980
9324
8768
5479
2274
827
5657
3924
7698
8639
7594
5414
4972
7458
4482
5187
3622
8699
7164
3013
486
8437
1007
2276
439
2908
7197
1631
4555
6828
5271
2824
1813
7746
5008
45
5150
7818
3138
3311
5179
2927
477
831
5200
7924
8101
3005
9282
5904
6957
3802
1122
8878
3883
3622
5177
7025
8479
1417
3103
3738
9445
2852
7933
4115
6086
5593
5645
5263
499
2422
8742
7769
8668
7815
9315
9083
4123
3864
9693
1161
6143
6973
7208
6712
5588
7645
5907
647
5325
1827
2066
5937
8992
3823
2277
5953
1346
7525
2570
8627
5805
4904
4535
1236
9979
8079
9740
8501
7927
4047
6868
814
8707
9226
6950
3881
4358
4299
823
5840
6893
8570
9523
2995
3087
7003
2706
729
7910
2433
2377
1841
2292
71
9228
606
8571
1328
6713
7171
7468
9258
3598
3578
3717
8456
9207
9626
3566
8117
6809
4117
6316
8161
9692
4558
3757
4799
1336
6338
5919
3738
5804
588
8920
6350
6974
8464
826
6518
5566
8430
4456
3688
1037
2270
1822
641
1387
5022
3525
2909
7654
3790
7820
438
1462
507
8314
1083
3384
4078
6277
9823
7033
8098
3431
7228
8875
1313
3718
5617
6500
9373
8036
1596
8795
8041
4243
9226
9854
25
5797
8952
4761
9826
6343
3565
9415
3629
4285
4015
8497
4130
896
4665
5333
3437
7909
9702
4939
672
5679
9865
6858
4768
975
1372
7521
7096
4269
7008
2824
3009
9997
2697
364
6197
9654
1544
7350
4781
6845
1362
4600
3534
5439
974
9216
2299
6830
5223
8552
6680
9971
8531
5904
3479
8337
2116
3995
9930
1250
519
5765
2811
3105
8959
3237
736
2973
4227
4312
556
8747
8324
4225
6672
4568
5828
3084
295
7625
3145
3431
4201
552
175
2094
7371
8672
2709
8714
3054
7091
6913
9301
3266
1266
5616
6909
2490
6090
9824
3114
3452
2753
7854
3354
8241
9682
8804
6381
8748
3732
6671
3096
1428
448
6406
2856
2736
7691
3382
5980
3223
5249
3349
9609
254
4101
808
378
1571
2984
9909
1366
4531
6570
3482
2756
8736
9164
2614
5243
2981
157
1302
2824
984
2620
8146
6861
4204
4452
9792
6485
4166
2221
8878
1321
1239
1513
2635
1320
1515
3941
6938
4997
8594
276
4633
1822
2426
1129
6242
6647
3106
1525
5782
4119
3528
3336
4385
8803
1158
37
9592
2405
5812
1547
8825
2924
7307
2992
1348
1806
4129
175
4252
4282
1839
6256
4457
4907
7833
8661
576
5065
7320
2643
5550
1673
3857
8035
3442
6670
6656
8740
1505
4985
6021
295
1676
4659
7712
9422
4056
6514
6852
947
8588
2366
2032
1632
143
166
711
7562
6546
1610
7695
1551
8679
2827
9510
9702
6727
1521
8839
1745
6895
4624
4810
8060
8461
8926
6914
7391
1914
3438
2600
3181
5092
6293
1173
3193
5746
891
9526
6596
5756
5690
8463
5084
4333
9534
1872
9734
4997
9764
4854
3306
3838
3467
1086
8460
4641
3179
4121
5992
9827
7108
2127
3589
4825
526
657
4831
7510
9352
3429
230
3617
9157
6817
6922
3705
2826
9777
1309
7120
7927
7264
9431
3698
490
1869
3124
4490
5328
5328
6135
8642
4297
8872
3283
4775
2979
8946
7467
1685
3130
2742
3881
4988
2955
6194
8154
3473
9770
5611
5257
1331
9936
2970
9065
197
9092
4024
8192
7982
1641
7863
2350
9850
2234
6320
4902
365
3534
1733
1486
4856
3960
1931
1660
2305
6276
2067
329
1739
2938
3917
8426
8994
6891
4623
7769
986
7177
8490
3307
175
7144
7420
7095
2779
9322
7847
2222
465
5076
4606
1671
6761
9064
5088
6614
6219
8204
241
1015
6483
2365
2497
4555
862
9340
4540
3900
1719
9746
7003
3107
3096
8520
7609
7563
4297
8346
9082
2286
4900
7010
8216
4629
5614
4995
3905
3473
8728
1870
7640
1857
6507
15
6017
7640
5834
2052
1124
7300
2627
3985
1334
1223
124
9509
1991
4987
1001
2187
2754
12
4459
1290
5944
8725
5927
3967
8158
3891
8814
1101
5596
9129
4881
6740
2107
7805
2218
1298
7773
468
7585
6850
5008
6771
2878
8811
8621
6449
3922
2036
6047
5320
3409
947
4064
6517
8835
2702
8682
4194
579
9569
5647
6796
4893
1747
9972
9670
1491
4624
4303
2250
5690
5159
7538
3346
599
486
7087
9185
5719
8106
457
2748
4499
1109
4410
9683
4912
3758
2851
5620
3876
2445
7820
2068
8497
4559
1485
3222
4553
3122
862
4015
5329
8174
1154
515
2037
6850
8057
7393
374
2845
4142
3573
6474
2530
9546
6454
9503
9376
2555
7066
7444
544
1429
3456
7257
9478
4801
7180
495
6214
4342
8339
754
2696
27
7817
9832
3882
5311
1537
5394
6651
6776
428
4083
7613
425
1546
535
7813
4679
332
4549
6981
8360
1330
5795
2548
453
4870
7853
8919
7300
186
1153
648
2001
1248
7404
9119
290
157
6506
6079
6902
4420
590
8941
6560
8593
8849
2179
4084
7862
1111
6316
8866
975
7740
1018
9959
2588
8370
1634
9373
593
2223
9163
2821
2262
8335
2060
9132
4173
4854
4562
1789
4754
2782
293
8690
5076
1016
1778
9082
2994
6342
6211
9858
8149
4176
5304
6925
476
3254
2406
1191
2844
241
3175
2863
9265
8251
7063
2217
3692
6694
5617
9781
848
8479
177
3943
9756
4662
5945
9416
2697
5882
1573
5692
7137
4584
3453
647
5884
1942
1710
797
1159
8636
504
6357
1604
9213
8749
6203
7319
5597
8561
5153
6953
6547
7854
3505
2608
6291
383
6740
2822
7431
1209
1466
1310
295
8107
2218
9244
3353
9722
2562
1873
7066
9445
3122
6066
6596
9900
8573
3954
7142
6724
5465
9274
9401
1862
2783
7246
1603
6001
7593
5841
8888
6977
8806
6180
437
5962
3127
2437
9654
6098
8597
7117
2983
8855
2791
5871
8477
1859
4671
7110
6113
8162
1413
5587
8024
1039
4075
5862
8321
252
8884
1093
8979
5433
4160
4958
376
9736
6366
9664
2517
2243
2676
1000
5710
744
1541
2165
7520
7434
7244
1712
6200
8868
9185
7358
9467
8054
1732
6653
1512
972
5865
7530
399
1984
9586
6610
2671
2626
33
812
1879
6095
6646
8290
3012
5359
1319
8014
5358
6294
8486
3405
2191
8486
5314
4363
6867
5430
9826
3756
1409
2717
2613
8959
5443
7536
6047
6414
518
5276
3433
7326
7202
9391
9345
5598
170
8772
1576
4901
9480
2871
4576
363
4674
8526
4029
1809
1952
4066
2318
9676
3730
5600
5005
1784
4141
7648
9200
9015
3694
5240
5685
578
1233
7451
8020
5059
1548
2973
3487
1716
2616
6761
2720
7592
7232
3074
7114
9949
52
4268
5719
219
2507
6630
6200
5256
4891
4178
7684
3984
7012
8938
6823
2734
6261
1448
2241
509
4673
8451
6688
6253
4620
5625
691
3743
6140
2004
6255
6206
7607
9272
4260
1927
5403
3550
4616
4211
7600
9439
3918
3874
1260
6128
1401
125
2883
3184
316
6174
6801
9285
8500
9204
6855
587
8874
410
2564
6694
7898
9786
2183
1265
7558
2003
1535
1175
4410
4320
9312
2844
7386
4776
6654
6863
4595
9115
1258
2368
8211
7847
3992
736
5657
652
9082
4137
4801
3944
7256
8240
601
8803
4973
9920
778
749
1798
229
8452
9826
2345
57
429
9375
8783
956
808
4473
4867
6389
959
6570
2681
9326
8538
9066
8836
528
196
9754
7752
8162
4889
9896
5813
3413
7304
6493
1687
8683
3809
3797
4928
4648
6539
2508
7055
9941
4773
238
6778
2592
6585
4816
3751
5434
7893
2794
3321
8682
515
9119
8072
1626
5603
348
689
1951
3903
3026
6616
5594
9721
862
4332
2237
1147
9221
5648
1540
5157
3089
8399
3054
2516
5172
9106
8380
4070
4059
3786
7584
6987
8490
912
3148
6759
2703
1749
3798
8391
9525
9747
7441
8079
2459
2508
7152
4915
5323
6954
6621
662
8217
743
1857
4496
1520
743
4012
8748
5451
2416
4186
1155
1301
2347
4815
8900
1889
9811
3800
9798
2996
2304
6966
6405
4579
4220
1570
9527
446
7527
8664
8632
7692
8186
4868
8007
2717
2322
4797
9161
8923
1715
3808
1918
2270
9023
6991
8947
4836
9372
4413
1035
3194
6402
4507
3329
8011
7681
7177
5982
3601
6532
5723
6156
1332
4725
2010
2183
8779
3242
2408
4830
7284
6386
3036
5069
4212
7857
1534
2555
2593
6120
9222
4061
64
366
1842
6569
1083
7685
9310
5380
1231
6689
4889
3668
74
2740
2039
6224
9560
5210
2810
6790
8193
7725
5124
5341
7341
8237
7509
8964
4950
6943
8972
7546
3667
6554
8521
3408
4910
1246
3613
2218
7772
7723
9252
1054
1838
4253
9820
8313
5936
1314
3849
9316
656
496
7892
943
1078
6713
9399
8358
7554
2436
92
7042
6614
1678
708
3673
1133
5730
5187
178
8707
2310
7366
6256
9905
4688
6101
7034
3486
7598
5341
4159
4014
2324
4132
603
8358
4198
7818
1712
1531
1917
5719
7644
8998
9629
2518
5216
2170
9488
236
422
6126
4527
5209
6373
3777
9131
9792
5285
8674
7129
1658
7264
9444
5575
4503
3110
2438
5666
2725
3149
5605
929
9226
9157
5823
6798
9853
1888
3955
4997
223
2376
6778
793
649
1264
2552
1089
2733
6698
7529
6577
6817
8007
3949
1741
2930
9355
6200
2347
9137
4792
716
1258
244
3766
6938
9896
6741
4020
1184
4487
8516
7028
2630
3323
405
9656
791
3749
6978
4549
6827
5277
2069
921
6854
8326
4513
6869
3960
6426
5339
4120
7136
3434
3190
6197
9469
6281
4177
1403
5057
8082
9541
2716
3926
6071
9509
7743
6887
3741
4565
3182
7776
6812
5983
9924
8797
8232
5918
6869
5777
8239
3602
3819
4097
1749
8291
6386
2748
6774
1455
8763
3526
4431
432
3418
4737
3181
3271
290
3935
7394
9791
1916
2193
3077
7040
5045
3227
1640
8282
3793
4253
5972
3393
4136
1901
1762
5113
4643
5748
989
9
3743
4036
3846
5179
9544
1026
9928
1743
4241
3100
9498
3992
1469
1187
854
8713
1658
399
398
2613
7347
3846
7856
7085
7734
6543
308
8578
9320
7013
5147
9753
7378
8772
3932
1283
1230
1199
6173
6675
4815
9489
4563
2815
2869
6344
888
7064
2207
3861
4906
7691
7041
2675
6866
8176
7044
6831
8011
7499
6977
7088
2406
7916
7078
2398
7728
8902
4124
9161
