1
1
2
3
8
9
10
10
10
11
12
15
16
16
19
21
23
24
25
26
27
27
27
27
29
30
30
31
31
31
32
33
33
34
35
35
35
36
36
36
36
36
36
37
37
39
41
41
45
45
46
48
48
48
48
49
52
54
54
56
57
57
58
58
60
62
62
64
64
65
66
66
67
68
70
70
70
71
71
72
74
74
74
75
77
78
79
82
82
82
85
85
88
89
90
91
92
93
94
96
97
99
101
101
104
105
106
106
107
107
110
111
111
113
116
116
117
118
118
120
121
121
121
122
124
124
125
129
129
134
135
136
137
137
138
139
139
142
142
142
143
148
148
149
149
150
151
153
154
155
155
157
157
161
162
163
163
164
166
166
166
168
168
168
169
170
170
171
172
175
175
175
177
178
178
178
180
180
182
184
184
186
187
187
188
189
191
192
194
195
195
196
196
197
197
197
197
199
199
201
202
203
204
205
206
207
208
208
208
211
211
212
212
213
213
214
214
215
215
215
216
216
217
219
220
221
223
223
225
228
229
229
230
231
231
232
232
233
233
233
234
236
236
236
236
237
237
237
238
239
240
241
241
241
244
245
245
247
251
251
252
252
252
254
255
255
255
256
256
257
261
262
262
262
264
264
267
267
269
270
270
271
272
275
276
276
276
279
280
285
285
285
287
289
290
290
290
293
294
295
295
295
295
296
298
300
301
302
306
307
307
308
308
310
313
314
316
316
317
317
318
318
321
322
323
323
323
324
326
326
329
330
330
332
332
333
333
334
335
336
338
339
339
341
341
343
343
343
344
346
347
347
348
348
349
351
351
351
351
352
352
353
356
358
359
360
362
363
364
364
365
366
366
367
369
372
372
374
374
375
375
375
375
376
376
378
379
380
381
382
382
382
383
384
385
385
386
386
387
390
391
392
393
394
395
398
398
399
399
400
401
402
403
404
405
406
408
409
409
410
410
411
412
413
417
418
418
419
419
420
421
421
422
422
425
425
426
427
428
428
428
429
431
432
432
432
432
432
433
433
435
435
436
436
437
437
438
438
439
439
442
443
444
444
446
448
450
451
451
453
453
454
455
456
456
457
457
458
458
458
460
461
461
463
465
465
465
466
467
468
468
469
469
470
471
475
476
476
477
477
477
477
478
478
479
479
479
481
482
482
484
484
486
486
487
487
487
488
490
495
496
498
498
499
499
500
500
503
503
503
504
506
506
507
508
508
509
511
513
513
513
513
514
514
514
515
515
518
518
519
519
521
522
523
525
526
528
528
528
531
532
533
534
534
534
534
535
537
538
539
541
542
542
542
543
544
544
545
545
546
547
548
551
551
552
553
555
555
556
557
559
559
560
560
565
566
566
567
568
572
572
576
576
577
578
579
579
580
582
585
585
586
586
586
587
588
589
590
590
591
592
593
593
595
596
598
599
599
601
603
604
604
606
607
608
609
610
610
611
611
611
614
615
615
616
616
616
617
620
621
621
623
624
625
625
625
626
629
629
634
634
634
634
636
641
641
641
642
643
645
646
647
647
648
649
650
650
650
651
651
652
652
652
654
654
656
657
657
658
658
659
661
662
662
663
665
667
669
669
669
669
671
672
672
675
676
679
679
680
683
683
684
684
684
685
686
686
687
687
689
689
690
690
691
691
695
695
695
697
703
705
705
706
708
708
708
709
711
712
712
713
715
715
715
716
716
716
716
719
721
722
722
722
723
723
725
728
728
729
730
731
732
733
734
735
736
736
738
741
741
742
742
743
743
744
744
744
745
746
746
747
748
748
748
749
749
749
750
750
750
751
754
754
755
755
756
756
758
758
759
763
765
765
765
767
768
769
770
772
773
773
777
778
779
780
783
783
783
784
784
786
789
789
791
791
791
793
793
793
794
794
794
795
797
801
802
802
803
804
804
805
805
805
806
806
806
807
808
808
808
810
811
811
812
812
812
812
814
814
815
815
816
817
819
820
820
820
821
823
823
824
826
826
827
827
830
830
831
834
834
834
835
835
840
841
841
842
844
846
846
847
847
848
848
848
851
851
852
854
855
855
856
858
858
862
862
862
862
862
862
864
865
866
867
870
870
873
873
873
876
876
879
880
884
885
886
886
886
888
888
888
888
889
890
890
891
891
892
892
895
896
896
896
896
897
899
900
900
901
901
904
905
905
907
908
910
912
912
912
915
916
918
918
919
920
921
925
928
928
929
929
929
929
933
934
935
938
939
939
939
940
940
942
943
943
944
947
947
947
949
950
950
951
953
955
955
956
956
956
958
958
959
959
959
960
961
962
965
965
966
967
968
969
970
972
972
973
973
974
975
975
976
977
977
977
978
980
980
984
986
987
987
987
988
989
990
990
991
992
993
993
995
995
995
996
996
997
998
1000
1000
1000
1001
1002
1005
1005
1005
1006
1006
1006
1006
1006
1006
1007
1010
1012
1012
1015
1016
1016
1017
1017
1017
1017
1018
1018
1019
1021
1021
1025
1026
1027
1031
1033
1033
1034
1034
1035
1035
1035
1037
1037
1039
1039
1041
1042
1043
1045
1050
1050
1051
1051
1051
1052
1054
1054
1055
1058
1058
1059
1060
1063
1063
1063
1064
1065
1066
1066
1068
1068
1070
1073
1073
1075
1075
1076
1076
1078
1079
1080
1080
1081
1082
1083
1083
1083
1084
1084
1086
1086
1087
1087
1089
1090
1091
1092
1093
1095
1098
1098
1100
1101
1101
1102
1103
1104
1105
1105
1105
1106
1107
1108
1109
1109
1111
1111
1112
1113
1113
1115
1118
1121
1121
1122
1124
1124
1124
1124
1127
1128
1128
1129
1132
1133
1134
1134
1134
1134
1135
1137
1137
1138
1138
1140
1140
1140
1142
1143
1143
1143
1144
1144
1146
1147
1147
1149
1150
1151
1151
1153
1153
1154
1154
1155
1155
1156
1158
1158
1158
1158
1159
1160
1160
1161
1161
1161
1161
1162
1162
1164
1164
1170
1170
1171
1173
1173
1174
1175
1178
1180
1180
1181
1183
1184
1185
1185
1186
1187
1187
1188
1189
1190
1191
1191
1192
1192
1193
1193
1193
1194
1194
1196
1197
1198
1199
1199
1199
1199
1200
1200
1206
1209
1209
1210
1212
1214
1215
1216
1217
1218
1219
1219
1220
1222
1222
1223
1224
1226
1226
1227
1227
1228
1228
1230
1231
1231
1233
1235
1236
1236
1236
1238
1239
1241
1241
1243
1244
1246
1247
1248
1249
1250
1251
1251
1252
1254
1258
1258
1260
1260
1260
1260
1264
1265
1265
1265
1265
1266
1266
1267
1270
1271
1271
1272
1272
1273
1273
1275
1278
1279
1281
1283
1283
1284
1285
1285
1286
1287
1289
1290
1291
1291
1291
1291
1291
1294
1295
1295
1296
1297
1298
1298
1298
1298
1298
1299
1299
1301
1302
1303
1303
1307
1307
1309
1309
1310
1310
1310
1311
1311
1311
1311
1312
1313
1314
1315
1315
1316
1318
1319
1319
1320
1321
1322
1325
1325
1326
1326
1328
1330
1330
1330
1331
1331
1332
1332
1332
1332
1333
1333
1334
1334
1334
1335
1336
1336
1336
1338
1341
1343
1343
1344
1345
1345
1346
1346
1346
1347
1348
1350
1350
1351
1353
1355
1355
1356
1357
1358
1359
1360
1361
1362
1363
1366
1366
1368
1369
1371
1371
1372
1372
1372
1372
1375
1376
1377
1378
1378
1380
1382
1382
1383
1387
1388
1389
1390
1392
1393
1393
1395
1400
1400
1400
1401
1401
1403
1403
1405
1406
1407
1408
1409
1409
1411
1413
1413
1413
1414
1417
1417
1420
1423
1423
1424
1425
1425
1426
1427
1427
1428
1429
1429
1430
1431
1431
1431
1432
1435
1436
1436
1438
1439
1439
1443
1444
1444
1447
1448
1448
1450
1450
1453
1455
1455
1456
1456
1457
1457
1458
1459
1459
1462
1462
1463
1466
1467
1469
1470
1471
1471
1472
1472
1473
1475
1475
1477
1478
1479
1482
1482
1484
1484
1485
1485
1486
1486
1488
1491
1495
1496
1496
1497
1497
1499
1503
1504
1505
1505
1507
1508
1509
1511
1512
1512
1513
1514
1514
1514
1515
1517
1517
1517
1517
1518
1518
1519
1520
1520
1521
1521
1521
1521
1523
1525
1525
1525
1527
1531
1532
1534
1534
1535
1537
1537
1537
1538
1539
1540
1540
1541
1541
1541
1543
1544
1544
1544
1546
1547
1547
1548
1549
1549
1550
1551
1553
1553
1554
1555
1558
1558
1562
1565
1565
1566
1566
1568
1569
1570
1571
1572
1573
1573
1573
1574
1576
1578
1580
1580
1581
1581
1582
1584
1585
1586
1586
1587
1588
1589
1589
1590
1592
1593
1595
1596
1597
1599
1599
1600
1603
1604
1604
1605
1605
1606
1607
1610
1611
1613
1614
1616
1617
1617
1617
1618
1619
1620
1620
1620
1624
1624
1626
1626
1626
1627
1628
1630
1630
1631
1631
1632
1632
1632
1633
1634
1637
1640
1640
1640
1641
1641
1641
1644
1646
1647
1648
1648
1650
1650
1651
1653
1655
1656
1656
1658
1658
1660
1661
1662
1663
1664
1664
1665
1666
1667
1667
1668
1671
1673
1673
1674
1675
1676
1676
1678
1682
1684
1685
1685
1687
1687
1687
1687
1687
1688
1688
1689
1692
1693
1693
1695
1695
1696
1698
1701
1704
1705
1708
1709
1709
1710
1712
1712
1712
1713
1715
1716
1717
1718
1718
1719
1720
1720
1721
1721
1721
1724
1725
1725
1725
1726
1726
1727
1732
1732
1732
1732
1733
1733
1733
1733
1735
1736
1737
1739
1741
1742
1743
1744
1745
1746
1746
1747
1747
1749
1749
1749
1750
1753
1753
1754
1754
1754
1754
1757
1759
1761
1761
1762
1762
1763
1764
1764
1765
1766
1766
1768
1769
1771
1771
1774
1774
1774
1776
1778
1779
1780
1782
1784
1784
1784
1786
1786
1787
1789
1789
1790
1792
1793
1798
1799
1800
1801
1802
1803
1805
1805
1806
1809
1809
1810
1811
1812
1813
1814
1816
1817
1818
1818
1818
1818
1818
1821
1822
1822
1823
1823
1824
1825
1825
1825
1827
1827
1828
1830
1832
1833
1833
1834
1835
1836
1836
1838
1838
1839
1839
1840
1841
1841
1842
1845
1847
1848
1851
1851
1852
1853
1856
1857
1857
1858
1859
1859
1860
1861
1861
1861
1862
1862
1863
1863
1865
1868
1868
1869
1870
1870
1871
1871
1872
1873
1873
1877
1877
1878
1879
1879
1881
1883
1883
1884
1884
1887
1887
1888
1888
1888
1889
1889
1892
1895
1897
1898
1901
1902
1905
1908
1909
1909
1911
1914
1914
1916
1916
1917
1918
1921
1922
1925
1925
1927
1929
1931
1931
1931
1931
1931
1932
1932
1933
1933
1935
1936
1940
1940
1942
1942
1942
1943
1945
1947
1947
1947
1949
1949
1949
1950
1950
1951
1952
1952
1953
1954
1956
1956
1956
1957
1958
1959
1964
1964
1965
1965
1967
1967
1969
1970
1971
1975
1975
1975
1975
1977
1982
1984
1984
1986
1989
1990
1991
1994
1999
1999
1999
2001
2001
2003
2004
2004
2004
2005
2005
2005
2006
2006
2009
2009
2009
2010
2010
2012
2012
2014
2014
2016
2022
2024
2025
2026
2026
2027
2028
2029
2029
2030
2030
2030
2031
2031
2032
2033
2033
2034
2034
2036
2036
2037
2037
2037
2038
2039
2039
2040
2042
2045
2045
2046
2049
2050
2050
2051
2052
2052
2052
2054
2054
2055
2056
2058
2059
2060
2060
2063
2063
2064
2065
2066
2067
2068
2069
2069
2071
2071
2072
2072
2073
2073
2075
2077
2078
2078
2078
2082
2082
2083
2085
2085
2087
2088
2089
2089
2090
2090
2091
2091
2091
2092
2093
2094
2094
2095
2096
2096
2096
2096
2097
2098
2099
2100
2101
2102
2102
2103
2104
2104
2104
2105
2106
2106
2106
2107
2109
2110
2111
2111
2112
2113
2114
2116
2117
2122
2123
2125
2127
2127
2127
2127
2130
2130
2135
2138
2138
2142
2143
2144
2146
2147
2151
2152
2152
2153
2154
2154
2155
2156
2156
2157
2159
2160
2160
2160
2161
2162
2163
2163
2164
2165
2165
2167
2169
2170
2170
2170
2172
2173
2175
2175
2176
2176
2177
2177
2179
2179
2181
2183
2183
2183
2186
2187
2188
2188
2189
2190
2190
2191
2192
2193
2193
2193
2194
2199
2201
2201
2202
2202
2203
2207
2207
2208
2208
2210
2210
2211
2211
2212
2216
2217
2217
2218
2218
2218
2218
2218
2219
2221
2221
2221
2222
2223
2223
2223
2224
2227
2227
2228
2228
2228
2230
2234
2234
2234
2235
2235
2236
2237
2239
2239
2240
2240
2241
2241
2243
2244
2244
2244
2247
2247
2248
2248
2250
2250
2251
2251
2254
2254
2255
2257
2262
2262
2262
2263
2266
2266
2267
2269
2269
2270
2270
2270
2272
2272
2272
2273
2273
2274
2275
2276
2276
2276
2277
2277
2277
2278
2279
2280
2280
2281
2281
2281
2283
2284
2286
2286
2287
2288
2289
2290
2290
2290
2291
2291
2292
2292
2293
2297
2299
2300
2303
2303
2304
2305
2305
2308
2308
2308
2309
2309
2310
2310
2311
2311
2314
2315
2315
2315
2316
2316
2317
2317
2318
2318
2319
2319
2319
2320
2321
2322
2322
2322
2322
2323
2324
2325
2328
2328
2331
2331
2332
2333
2333
2335
2336
2338
2338
2338
2338
2339
2340
2341
2341
2344
2344
2345
2346
2347
2347
2347
2349
2349
2349
2349
2349
2350
2351
2351
2352
2354
2354
2355
2355
2356
2356
2357
2357
2359
2359
2362
2365
2365
2365
2366
2366
2367
2368
2368
2370
2376
2377
2379
2382
2382
2384
2387
2388
2388
2388
2388
2390
2392
2393
2394
2395
2396
2398
2400
2401
2401
2402
2404
2405
2405
2406
2406
2406
2406
2406
2407
2408
2409
2409
2411
2414
2416
2417
2420
2420
2420
2420
2421
2422
2422
2422
2423
2425
2426
2430
2431
2431
2432
2433
2434
2434
2435
2436
2436
2437
2438
2438
2439
2440
2440
2441
2441
2442
2442
2443
2443
2444
2444
2445
2445
2445
2447
2447
2447
2448
2448
2449
2450
2451
2452
2455
2457
2458
2458
2459
2460
2460
2460
2461
2462
2463
2464
2464
2465
2466
2466
2467
2468
2469
2474
2474
2475
2476
2476
2478
2480
2481
2481
2484
2484
2486
2486
2490
2490
2492
2493
2494
2495
2495
2497
2497
2498
2501
2502
2502
2502
2503
2506
2506
2507
2507
2508
2508
2508
2510
2512
2512
2514
2514
2516
2516
2516
2517
2518
2519
2520
2521
2522
2523
2525
2525
2527
2528
2528
2530
2530
2531
2533
2534
2536
2537
2542
2542
2544
2544
2545
2546
2546
2548
2548
2550
2550
2551
2552
2552
2552
2552
2552
2553
2554
2554
2555
2555
2558
2558
2559
2559
2560
2561
2561
2562
2562
2564
2564
2565
2567
2567
2569
2569
2570
2570
2572
2573
2574
2575
2575
2578
2578
2579
2580
2581
2584
2584
2584
2586
2587
2588
2588
2588
2592
2592
2593
2593
2593
2594
2594
2597
2598
2598
2598
2598
2599
2600
2600
2601
2602
2602
2603
2603
2606
2606
2608
2609
2609
2610
2610
2612
2613
2613
2613
2613
2613
2614
2614
2616
2616
2618
2618
2619
2620
2620
2622
2622
2623
2625
2626
2627
2627
2628
2629
2630
2631
2631
2632
2634
2635
2635
2636
2637
2637
2637
2638
2639
2642
2642
2642
2643
2644
2644
2644
2644
2644
2646
2646
2646
2648
2653
2653
2653
2661
2661
2661
2664
2664
2664
2665
2666
2668
2668
2669
2669
2669
2669
2670
2671
2671
2672
2672
2673
2675
2676
2676
2677
2677
2681
2682
2684
2684
2685
2686
2687
2688
2688
2688
2689
2690
2692
2692
2695
2696
2697
2697
2697
2698
2698
2699
2701
2701
2702
2702
2703
2703
2703
2703
2704
2705
2706
2709
2709
2711
2712
2716
2717
2717
2718
2719
2720
2720
2721
2722
2724
2725
2726
2728
2731
2731
2733
2733
2733
2734
2734
2736
2738
2740
2740
2740
2742
2742
2742
2744
2745
2748
2748
2749
2749
2749
2750
2750
2753
2753
2753
2754
2754
2756
2759
2760
2760
2761
2762
2763
2764
2766
2766
2766
2767
2770
2771
2772
2772
2775
2778
2778
2779
2780
2781
2782
2783
2783
2784
2784
2787
2790
2790
2791
2791
2792
2793
2793
2793
2794
2794
2800
2800
2801
2801
2802
2803
2803
2804
2805
2806
2807
2810
2811
2811
2812
2813
2815
2817
2818
2819
2820
2821
2822
2823
2824
2824
2824
2826
2826
2826
2826
2826
2827
2827
2828
2828
2830
2831
2832
2833
2833
2835
2836
2836
2837
2838
2838
2840
2843
2844
2844
2845
2845
2846
2846
2848
2849
2850
2851
2851
2852
2853
2853
2854
2854
2854
2855
2856
2856
2856
2857
2858
2858
2860
2860
2861
2861
2862
2862
2863
2866
2868
2869
2869
2870
2870
2870
2871
2872
2872
2873
2874
2875
2875
2876
2878
2881
2881
2882
2883
2883
2884
2884
2885
2885
2886
2888
2889
2889
2890
2890
2891
2891
2892
2892
2892
2892
2896
2899
2899
2900
2901
2901
2901
2903
2904
2907
2908
2908
2909
2910
2911
2911
2913
2916
2920
2921
2921
2922
2924
2927
2927
2928
2928
2928
2928
2929
2930
2930
2930
2931
2932
2933
2936
2938
2939
2939
2940
2944
2945
2946
2947
2947
2951
2952
2955
2959
2961
2962
2963
2964
2966
2966
2966
2966
2967
2970
2970
2970
2973
2973
2973
2974
2977
2978
2979
2980
2981
2982
2983
2983
2984
2984
2985
2985
2988
2988
2989
2991
2991
2991
2992
2992
2992
2993
2994
2994
2995
2996
2996
2999
3001
3003
3004
3005
3006
3007
3007
3007
3008
3008
3009
3011
3012
3012
3012
3013
3014
3018
3018
3019
3020
3021
3021
3021
3021
3022
3025
3026
3026
3026
3027
3027
3028
3028
3028
3029
3029
3030
3031
3032
3033
3033
3034
3035
3036
3036
3037
3038
3043
3043
3044
3045
3046
3049
3050
3050
3051
3051
3053
3053
3054
3054
3057
3057
3060
3062
3063
3065
3065
3065
3066
3066
3067
3070
3071
3071
3071
3074
3075
3075
3077
3077
3078
3079
3079
3079
3080
3082
3084
3087
3088
3088
3089
3089
3090
3092
3094
3094
3095
3095
3096
3096
3098
3099
3100
3103
3103
3104
3105
3105
3106
3107
3108
3110
3111
3112
3112
3112
3113
3114
3114
3118
3119
3120
3120
3122
3122
3123
3124
3125
3125
3125
3126
3126
3127
3130
3132
3134
3134
3135
3136
3136
3136
3137
3138
3138
3140
3141
3142
3142
3144
3145
3145
3146
3146
3147
3147
3148
3148
3148
3149
3149
3150
3153
3154
3154
3155
3156
3159
3159
3161
3162
3162
3163
3164
3166
3167
3167
3168
3168
3169
3170
3170
3170
3171
3175
3175
3176
3179
3181
3181
3181
3181
3181
3181
3182
3183
3184
3184
3186
3187
3187
3188
3190
3193
3194
3194
3196
3196
3197
3197
3199
3199
3201
3202
3203
3204
3205
3205
3207
3207
3207
3209
3210
3212
3212
3213
3213
3213
3214
3215
3217
3217
3219
3221
3222
3222
3223
3223
3225
3226
3227
3227
3227
3229
3229
3230
3233
3233
3234
3235
3236
3236
3236
3237
3239
3239
3242
3242
3242
3243
3245
3247
3248
3250
3253
3253
3253
3254
3256
3256
3257
3257
3258
3258
3259
3259
3264
3264
3265
3265
3266
3266
3269
3271
3272
3273
3275
3277
3278
3279
3280
3281
3282
3282
3283
3283
3284
3285
3288
3288
3291
3292
3292
3298
3299
3300
3300
3300
3303
3303
3303
3303
3306
3306
3307
3308
3308
3309
3311
3311
3311
3315
3315
3316
3316
3317
3321
3323
3323
3324
3326
3328
3329
3329
3330
3331
3333
3336
3336
3337
3340
3343
3346
3347
3347
3347
3348
3349
3349
3350
3350
3350
3350
3351
3352
3353
3354
3354
3356
3357
3360
3363
3366
3367
3367
3368
3370
3372
3373
3374
3376
3377
3379
3380
3381
3382
3384
3384
3384
3387
3388
3389
3389
3390
3391
3393
3394
3396
3396
3396
3397
3401
3403
3403
3403
3404
3404
3404
3405
3405
3405
3405
3408
3408
3409
3409
3410
3410
3410
3412
3412
3413
3413
3416
3417
3417
3417
3417
3418
3419
3422
3423
3428
3429
3431
3431
3431
3433
3433
3433
3434
3436
3437
3438
3439
3439
3441
3441
3442
3444
3444
3444
3446
3446
3447
3447
3449
3449
3451
3452
3452
3453
3454
3454
3454
3454
3455
3455
3456
3456
3457
3458
3458
3460
3460
3461
3462
3466
3467
3467
3471
3473
3473
3473
3478
3479
3479
3479
3481
3482
3482
3484
3484
3485
3486
3486
3487
3488
3489
3490
3491
3491
3492
3493
3501
3501
3502
3502
3502
3502
3502
3504
3505
3506
3507
3508
3509
3510
3510
3511
3512
3512
3513
3513
3518
3519
3520
3521
3525
3525
3526
3526
3526
3528
3528
3531
3534
3534
3534
3535
3540
3541
3542
3543
3544
3545
3546
3546
3549
3550
3554
3556
3560
3560
3561
3562
3563
3563
3563
3563
3565
3565
3566
3566
3569
3569
3570
3573
3573
3573
3573
3574
3577
3578
3578
3578
3578
3579
3579
3580
3581
3582
3584
3584
3585
3585
3587
3588
3589
3589
3589
3590
3592
3593
3594
3595
3597
3598
3598
3598
3600
3601
3602
3602
3603
3605
3605
3606
3606
3607
3607
3609
3611
3611
3613
3613
3613
3615
3616
3616
3617
3617
3620
3620
3622
3622
3623
3624
3625
3626
3626
3627
3628
3629
3633
3637
3637
3639
3640
3643
3644
3647
3647
3647
3648
3648
3649
3651
3653
3653
3653
3654
3654
3658
3658
3660
3666
3666
3667
3667
3668
3669
3669
3670
3671
3673
3675
3675
3675
3676
3677
3680
3681
3685
3688
3689
3689
3689
3690
3692
3694
3694
3694
3695
3695
3697
3698
3698
3699
3701
3704
3704
3704
3705
3705
3706
3707
3707
3707
3708
3708
3709
3709
3714
3714
3715
3717
3718
3718
3719
3720
3723
3723
3723
3724
3726
3726
3726
3727
3728
3729
3729
3730
3731
3732
3732
3736
3736
3736
3737
3737
3738
3738
3738
3738
3739
3741
3741
3742
3743
3743
3743
3743
3744
3744
3744
3745
3747
3747
3748
3748
3749
3750
3750
3751
3751
3752
3756
3756
3757
3757
3757
3758
3758
3760
3761
3762
3763
3763
3764
3766
3769
3771
3772
3775
3776
3777
3778
3781
3782
3782
3782
3783
3784
3785
3785
3786
3787
3788
3789
3790
3791
3791
3792
3793
3797
3798
3798
3798
3799
3799
3799
3800
3802
3803
3803
3805
3806
3808
3808
3809
3809
3809
3809
3809
3811
3811
3813
3813
3813
3814
3814
3815
3819
3822
3823
3825
3826
3826
3827
3827
3828
3829
3831
3831
3836
3836
3837
3838
3838
3839
3841
3843
3844
3844
3846
3846
3846
3847
3847
3848
3849
3850
3853
3856
3857
3858
3858
3860
3861
3862
3862
3863
3864
3864
3864
3864
3865
3868
3869
3870
3870
3870
3871
3874
3874
3876
3876
3877
3878
3879
3879
3880
3880
3880
3881
3881
3882
3883
3886
3886
3887
3888
3888
3891
3891
3892
3895
3896
3900
3900
3903
3903
3903
3905
3905
3907
3908
3910
3914
3914
3914
3916
3917
3918
3918
3918
3918
3919
3919
3919
3920
3922
3922
3922
3922
3922
3922
3924
3924
3924
3926
3926
3926
3927
3928
3929
3929
3929
3929
3929
3930
3931
3932
3932
3934
3935
3935
3937
3938
3938
3941
3943
3943
3944
3944
3944
3945
3945
3946
3946
3948
3949
3949
3949
3951
3951
3952
3954
3955
3955
3956
3957
3960
3960
3961
3961
3961
3964
3965
3965
3967
3967
3970
3973
3974
3976
3977
3978
3979
3980
3980
3980
3981
3982
3982
3983
3983
3984
3985
3986
3986
3990
3991
3991
3992
3992
3995
3997
3997
4003
4004
4005
4007
4007
4009
4009
4012
4014
4015
4015
4020
4020
4020
4021
4023
4023
4024
4025
4025
4025
4025
4026
4029
4029
4029
4031
4032
4033
4036
4036
4039
4039
4040
4041
4042
4043
4043
4045
4045
4047
4051
4052
4053
4055
4055
4056
4056
4059
4059
4059
4060
4060
4061
4061
4064
4064
4064
4064
4065
4065
4066
4069
4070
4070
4071
4071
4071
4072
4072
4072
4074
4075
4076
4077
4077
4077
4077
4078
4078
4080
4081
4082
4083
4084
4085
4085
4085
4085
4087
4088
4090
4091
4093
4097
4101
4101
4101
4104
4104
4104
4104
4105
4108
4109
4109
4110
4111
4112
4113
4115
4115
4115
4115
4116
4117
4117
4118
4118
4119
4119
4119
4120
4120
4121
4121
4123
4123
4124
4126
4126
4126
4129
4129
4130
4131
4132
4132
4134
4134
4134
4136
4136
4137
4137
4139
4141
4141
4141
4142
4142
4144
4144
4145
4146
4146
4148
4148
4151
4152
4154
4155
4159
4159
4159
4160
4160
4162
4163
4164
4166
4167
4167
4167
4168
4168
4170
4171
4173
4174
4174
4175
4176
4177
4178
4178
4179
4181
4182
4182
4183
4184
4185
4185
4186
4187
4187
4188
4188
4191
4192
4193
4194
4194
4194
4195
4196
4197
4197
4198
4199
4200
4200
4200
4201
4201
4204
4204
4205
4207
4208
4208
4208
4210
4211
4212
4212
4215
4218
4219
4220
4220
4222
4225
4225
4225
4225
4225
4227
4227
4231
4231
4239
4240
4241
4242
4243
4243
4243
4244
4245
4247
4247
4248
4249
4252
4252
4253
4253
4253
4256
4259
4260
4261
4262
4263
4265
4265
4268
4269
4269
4271
4273
4275
4276
4277
4277
4278
4279
4280
4281
4281
4282
4283
4283
4285
4285
4288
4291
4292
4292
4293
4294
4294
4295
4297
4297
4298
4298
4298
4299
4299
4299
4303
4306
4307
4308
4311
4312
4313
4314
4314
4315
4315
4316
4318
4318
4318
4319
4320
4320
4321
4322
4323
4327
4328
4328
4328
4330
4331
4332
4332
4333
4333
4334
4335
4335
4336
4338
4339
4342
4343
4344
4346
4346
4346
4347
4348
4350
4351
4352
4352
4353
4356
4357
4357
4358
4359
4360
4361
4363
4364
4364
4364
4365
4367
4369
4369
4369
4369
4370
4373
4374
4374
4374
4375
4376
4377
4378
4378
4380
4384
4385
4386
4389
4389
4390
4390
4391
4392
4392
4393
4393
4393
4394
4395
4397
4399
4403
4404
4404
4404
4404
4404
4405
4406
4409
4409
4409
4410
4410
4410
4411
4412
4413
4417
4418
4419
4419
4420
4420
4422
4423
4424
4424
4424
4425
4429
4430
4431
4432
4433
4435
4441
4444
4444
4449
4449
4449
4449
4450
4452
4453
4454
4456
4456
4456
4457
4458
4458
4459
4460
4460
4460
4462
4463
4467
4468
4468
4469
4473
4475
4475
4476
4477
4481
4482
4482
4483
4484
4486
4487
4488
4488
4490
4490
4490
4490
4490
4493
4496
4496
4498
4499
4499
4502
4503
4503
4505
4507
4510
4512
4513
4516
4518
4519
4523
4525
4527
4528
4529
4531
4535
4535
4535
4538
4538
4539
4540
4540
4541
4543
4543
4543
4544
4544
4545
4548
4549
4549
4549
4549
4551
4552
4553
4553
4553
4554
4555
4555
4555
4556
4556
4557
4557
4557
4558
4559
4561
4562
4563
4564
4565
4565
4568
4568
4569
4570
4570
4570
4571
4571
4572
4573
4574
4576
4579
4579
4579
4584
4584
4584
4584
4587
4587
4592
4592
4593
4594
4595
4595
4596
4599
4600
4601
4603
4605
4606
4606
4608
4608
4609
4609
4610
4610
4610
4614
4614
4616
4616
4618
4618
4618
4619
4620
4621
4621
4621
4622
4622
4622
4623
4623
4624
4624
4624
4625
4628
4629
4629
4630
4630
4630
4631
4633
4633
4635
4638
4638
4639
4639
4640
4640
4641
4642
4642
4643
4643
4643
4644
4645
4645
4645
4646
4647
4648
4648
4650
4651
4651
4654
4656
4656
4657
4659
4659
4660
4662
4662
4662
4662
4663
4663
4665
4666
4668
4670
4671
4673
4673
4673
4674
4674
4677
4679
4680
4680
4681
4681
4681
4682
4683
4683
4683
4684
4686
4687
4688
4688
4688
4689
4693
4694
4694
4697
4697
4698
4698
4699
4700
4701
4702
4710
4710
4712
4713
4714
4715
4716
4719
4721
4721
4721
4722
4722
4724
4724
4724
4725
4726
4728
4728
4730
4732
4734
4737
4738
4738
4739
4739
4739
4739
4740
4742
4743
4743
4743
4747
4748
4749
4749
4749
4750
4751
4751
4754
4754
4754
4754
4755
4756
4757
4759
4759
4760
4761
4765
4768
4768
4769
4769
4771
4771
4771
4773
4773
4774
4774
4775
4776
4777
4777
4777
4777
4777
4779
4780
4781
4781
4783
4785
4786
4788
4789
4792
4793
4793
4794
4794
4794
4797
4797
4797
4799
4801
4801
4801
4805
4806
4806
4807
4808
4809
4809
4809
4810
4810
4811
4811
4812
4812
4814
4814
4815
4815
4815
4815
4816
4816
4819
4820
4822
4825
4825
4826
4827
4827
4830
4830
4831
4832
4833
4834
4835
4836
4836
4836
4836
4837
4838
4839
4841
4842
4843
4844
4849
4851
4851
4853
4854
4854
4854
4855
4855
4856
4856
4857
4858
4859
4859
4859
4860
4861
4865
4866
4866
4866
4867
4867
4868
4869
4869
4869
4869
4870
4872
4873
4875
4877
4879
4879
4881
4883
4884
4885
4888
4889
4889
4891
4892
4893
4893
4894
4897
4897
4900
4900
4901
4901
4902
4902
4902
4902
4903
4904
4904
4905
4905
4906
4906
4906
4907
4907
4907
4909
4910
4910
4911
4912
4912
4915
4915
4915
4917
4918
4920
4925
4925
4926
4928
4928
4930
4930
4932
4932
4932
4933
4934
4935
4937
4937
4937
4937
4939
4940
4944
4944
4946
4948
4948
4948
4950
4950
4951
4951
4951
4951
4952
4953
4955
4955
4956
4957
4958
4958
4961
4961
4962
4962
4966
4966
4967
4972
4973
4974
4974
4979
4980
4980
4982
4982
4983
4985
4985
4987
4988
4988
4989
4990
4991
4993
4995
4995
4996
4997
4997
4997
4997
4997
4999
5004
5005
5005
5008
5008
5010
5011
5012
5013
5013
5014
5015
5016
5017
5019
5021
5022
5022
5023
5026
5026
5027
5028
5028
5029
5031
5031
5032
5033
5037
5037
5037
5041
5041
5044
5045
5045
5045
5046
5046
5049
5052
5054
5054
5055
5056
5057
5057
5059
5059
5059
5059
5060
5060
5061
5065
5066
5067
5068
5069
5070
5072
5072
5073
5073
5075
5076
5076
5076
5079
5079
5080
5080
5082
5084
5084
5084
5084
5085
5086
5087
5087
5087
5088
5088
5090
5092
5097
5099
5101
5102
5102
5102
5102
5104
5104
5106
5106
5106
5107
5108
5109
5110
5111
5113
5113
5116
5118
5118
5119
5119
5119
5121
5121
5121
5123
5123
5124
5124
5124
5124
5126
5127
5127
5133
5134
5134
5135
5136
5136
5137
5137
5139
5141
5142
5142
5142
5142
5144
5145
5147
5147
5147
5149
5150
5150
5152
5153
5153
5155
5157
5159
5159
5159
5162
5163
5163
5164
5164
5167
5167
5169
5170
5171
5172
5173
5173
5173
5175
5177
5177
5178
5179
5179
5179
5185
5186
5186
5187
5187
5187
5189
5190
5191
5191
5193
5193
5197
5197
5197
5197
5200
5202
5203
5206
5208
5209
5209
5209
5210
5212
5212
5212
5213
5213
5215
5216
5216
5216
5218
5218
5219
5220
5220
5222
5223
5223
5224
5224
5225
5225
5226
5229
5230
5232
5234
5234
5235
5236
5239
5240
5243
5243
5243
5243
5246
5247
5249
5250
5251
5251
5252
5253
5254
5255
5255
5256
5257
5260
5260
5261
5262
5262
5263
5266
5267
5268
5270
5271
5271
5275
5275
5276
5276
5277
5277
5277
5278
5278
5280
5281
5281
5282
5282
5284
5284
5284
5285
5285
5285
5286
5288
5289
5289
5292
5296
5296
5298
5298
5300
5300
5301
5303
5304
5304
5305
5305
5307
5307
5308
5311
5312
5313
5314
5314
5318
5320
5323
5323
5324
5325
5328
5328
5328
5329
5329
5330
5332
5332
5333
5337
5338
5339
5339
5339
5340
5341
5341
5342
5343
5346
5346
5349
5350
5350
5351
5355
5356
5358
5358
5359
5359
5359
5361
5361
5362
5363
5363
5364
5364
5367
5368
5369
5369
5369
5369
5371
5373
5374
5375
5377
5378
5380
5380
5381
5384
5385
5387
5388
5389
5390
5390
5392
5393
5394
5394
5395
5398
5399
5401
5401
5403
5405
5406
5407
5407
5408
5410
5412
5414
5415
5416
5417
5418
5420
5423
5423
5423
5424
5427
5428
5428
5429
5430
5433
5433
5434
5434
5435
5439
5441
5443
5443
5446
5451
5451
5451
5452
5452
5454
5455
5459
5461
5462
5462
5463
5465
5465
5467
5467
5467
5468
5469
5472
5475
5475
5476
5476
5477
5479
5479
5480
5480
5480
5481
5483
5483
5483
5488
5489
5490
5490
5491
5495
5496
5496
5496
5499
5499
5503
5504
5506
5507
5511
5513
5518
5518
5518
5519
5522
5523
5525
5526
5527
5529
5531
5531
5533
5536
5537
5538
5540
5540
5541
5542
5543
5543
5544
5549
5550
5550
5550
5551
5551
5554
5554
5558
5559
5563
5563
5564
5564
5565
5566
5568
5569
5570
5571
5571
5574
5574
5575
5576
5577
5577
5578
5578
5579
5580
5581
5581
5583
5585
5587
5588
5588
5589
5589
5591
5592
5593
5594
5594
5594
5594
5595
5595
5596
5597
5597
5598
5600
5600
5600
5601
5601
5602
5603
5603
5605
5608
5608
5611
5611
5612
5614
5616
5616
5617
5617
5619
5620
5620
5620
5623
5624
5625
5626
5629
5630
5630
5631
5632
5634
5635
5635
5636
5636
5638
5639
5640
5641
5642
5644
5645
5645
5647
5647
5647
5647
5648
5648
5649
5652
5652
5652
5653
5656
5657
5657
5657
5657
5658
5659
5659
5660
5660
5662
5662
5663
5665
5666
5666
5667
5669
5670
5671
5672
5673
5674
5678
5679
5679
5680
5680
5683
5684
5684
5685
5685
5686
5688
5690
5690
5691
5691
5691
5691
5692
5693
5694
5695
5697
5698
5700
5700
5703
5703
5703
5704
5707
5709
5709
5710
5710
5711
5713
5714
5714
5716
5716
5719
5719
5719
5720
5723
5723
5723
5725
5727
5729
5730
5731
5731
5735
5735
5736
5736
5739
5740
5741
5743
5746
5746
5746
5746
5747
5747
5748
5748
5748
5748
5749
5750
5751
5751
5751
5754
5755
5756
5756
5756
5757
5757
5763
5764
5765
5766
5771
5771
5772
5772
5772
5774
5775
5777
5777
5782
5782
5783
5783
5784
5787
5788
5789
5789
5789
5790
5791
5791
5792
5792
5793
5795
5795
5797
5797
5798
5798
5798
5799
5802
5802
5803
5804
5804
5804
5804
5805
5806
5808
5810
5811
5812
5812
5813
5813
5813
5815
5815
5817
5818
5818
5819
5821
5823
5828
5828
5828
5828
5829
5830
5831
5831
5831
5832
5834
5834
5837
5837
5838
5840
5840
5841
5841
5843
5844
5845
5847
5850
5850
5850
5850
5853
5855
5855
5855
5856
5856
5857
5859
5862
5863
5864
5865
5867
5867
5869
5869
5871
5871
5871
5871
5872
5878
5879
5880
5882
5882
5884
5884
5885
5886
5886
5889
5890
5891
5892
5892
5892
5892
5892
5892
5894
5894
5896
5898
5898
5899
5901
5904
5904
5905
5907
5908
5909
5913
5918
5918
5919
5920
5920
5920
5922
5923
5926
5926
5927
5929
5930
5934
5934
5934
5935
5936
5937
5937
5938
5939
5939
5939
5941
5941
5942
5944
5944
5945
5945
5945
5945
5946
5947
5947
5952
5953
5954
5954
5956
5959
5960
5961
5962
5962
5963
5964
5965
5965
5965
5966
5966
5967
5969
5969
5971
5972
5972
5972
5974
5976
5977
5978
5979
5980
5980
5982
5983
5985
5986
5988
5989
5990
5990
5991
5992
5993
5993
5995
6000
6001
6003
6003
6003
6008
6012
6013
6013
6014
6015
6015
6017
6017
6018
6018
6019
6021
6021
6022
6023
6025
6025
6029
6029
6031
6031
6031
6032
6032
6034
6035
6041
6041
6042
6042
6042
6046
6046
6046
6046
6047
6047
6047
6048
6048
6049
6050
6052
6053
6053
6054
6055
6055
6055
6057
6057
6057
6058
6058
6064
6064
6064
6065
6066
6067
6068
6071
6074
6074
6078
6079
6079
6080
6080
6080
6083
6084
6084
6086
6088
6088
6089
6090
6091
6092
6093
6093
6094
6095
6095
6097
6097
6098
6098
6098
6100
6101
6102
6102
6102
6105
6106
6107
6110
6111
6112
6113
6113
6113
6113
6113
6115
6116
6116
6118
6120
6120
6124
6125
6126
6127
6128
6128
6129
6131
6132
6132
6132
6134
6134
6134
6135
6136
6136
6137
6137
6137
6137
6138
6138
6139
6140
6140
6143
6147
6151
6154
6156
6156
6156
6158
6158
6159
6161
6162
6165
6166
6166
6168
6168
6169
6169
6170
6173
6173
6173
6174
6174
6174
6174
6176
6177
6178
6179
6180
6180
6181
6181
6182
6182
6183
6183
6184
6184
6184
6189
6193
6193
6194
6194
6196
6197
6197
6198
6199
6199
6200
6200
6200
6200
6202
6203
6205
6205
6206
6206
6208
6210
6211
6211
6212
6213
6213
6214
6214
6214
6215
6215
6217
6218
6219
6222
6223
6224
6224
6224
6225
6225
6226
6228
6231
6233
6234
6237
6237
6238
6238
6239
6240
6240
6240
6242
6242
6244
6244
6245
6245
6245
6247
6248
6249
6251
6251
6253
6255
6256
6256
6258
6258
6259
6259
6259
6260
6261
6261
6261
6261
6261
6263
6264
6266
6266
6268
6271
6272
6272
6273
6276
6276
6277
6278
6278
6279
6279
6281
6281
6283
6285
6289
6290
6291
6291
6291
6291
6293
6294
6296
6296
6297
6297
6297
6298
6300
6301
6303
6305
6307
6308
6309
6309
6309
6310
6311
6311
6312
6312
6312
6313
6313
6313
6313
6316
6316
6318
6318
6319
6320
6321
6323
6325
6327
6327
6328
6329
6329
6330
6331
6331
6332
6334
6334
6337
6338
6339
6340
6342
6343
6343
6344
6345
6345
6345
6348
6349
6350
6350
6352
6353
6354
6354
6355
6356
6357
6360
6361
6362
6362
6366
6368
6368
6368
6368
6371
6373
6373
6374
6374
6375
6377
6380
6381
6384
6386
6386
6386
6388
6388
6389
6389
6389
6391
6392
6392
6392
6396
6396
6400
6402
6404
6404
6405
6406
6408
6409
6410
6412
6413
6413
6413
6413
6414
6415
6415
6416
6416
6419
6419
6420
6421
6421
6426
6426
6427
6429
6429
6430
6431
6432
6432
6436
6437
6438
6440
6442
6444
6445
6446
6446
6449
6449
6452
6454
6456
6458
6460
6460
6460
6461
6461
6463
6466
6470
6471
6471
6472
6473
6474
6474
6475
6475
6478
6479
6483
6483
6485
6485
6485
6487
6489
6489
6489
6490
6490
6491
6492
6493
6493
6495
6496
6496
6496
6497
6497
6497
6497
6498
6499
6499
6500
6501
6501
6506
6507
6507
6511
6513
6513
6513
6514
6514
6514
6514
6517
6518
6519
6520
6522
6525
6527
6527
6527
6529
6529
6530
6531
6532
6532
6533
6536
6538
6538
6538
6539
6539
6539
6540
6543
6546
6547
6547
6549
6549
6550
6550
6551
6552
6552
6553
6554
6554
6557
6559
6560
6561
6562
6564
6564
6565
6569
6569
6570
6570
6570
6570
6572
6572
6572
6574
6574
6576
6577
6577
6577
6578
6578
6579
6581
6582
6583
6584
6585
6586
6587
6587
6589
6592
6596
6596
6596
6596
6597
6598
6599
6599
6602
6604
6604
6605
6605
6606
6607
6608
6610
6610
6612
6612
6613
6613
6614
6614
6615
6616
6619
6621
6622
6622
6624
6624
6625
6628
6629
6630
6630
6630
6631
6631
6631
6635
6635
6635
6636
6636
6636
6636
6637
6642
6644
6645
6646
6646
6647
6648
6650
6651
6651
6651
6652
6653
6653
6653
6654
6654
6656
6656
6658
6658
6658
6659
6660
6664
6666
6670
6670
6671
6672
6672
6674
6675
6675
6676
6678
6680
6681
6681
6681
6682
6684
6685
6686
6687
6688
6688
6688
6689
6689
6689
6690
6690
6691
6693
6693
6694
6694
6697
6698
6698
6699
6700
6701
6701
6701
6702
6705
6706
6709
6709
6711
6711
6711
6712
6712
6713
6713
6713
6714
6714
6715
6717
6718
6721
6722
6722
6724
6725
6727
6727
6727
6727
6728
6729
6730
6732
6734
6735
6736
6737
6737
6737
6737
6740
6740
6740
6741
6741
6742
6742
6742
6743
6745
6746
6747
6748
6748
6750
6750
6751
6755
6759
6761
6761
6761
6767
6768
6771
6771
6771
6772
6773
6774
6775
6776
6776
6777
6778
6778
6779
6779
6779
6781
6781
6781
6781
6782
6782
6783
6784
6785
6786
6786
6787
6787
6788
6788
6789
6789
6790
6791
6794
6795
6795
6796
6797
6797
6798
6799
6799
6799
6800
6800
6801
6801
6805
6805
6807
6807
6808
6809
6809
6811
6811
6812
6812
6814
6814
6814
6815
6816
6817
6817
6819
6820
6820
6820
6821
6822
6823
6823
6823
6827
6828
6829
6830
6830
6831
6831
6831
6832
6836
6836
6836
6838
6839
6840
6845
6845
6846
6847
6850
6850
6850
6850
6850
6851
6851
6852
6852
6853
6854
6854
6855
6855
6856
6858
6859
6860
6861
6861
6861
6862
6862
6863
6866
6867
6868
6868
6869
6869
6869
6870
6870
6871
6871
6873
6873
6874
6876
6878
6879
6880
6881
6881
6883
6883
6885
6887
6888
6889
6890
6891
6891
6892
6893
6895
6895
6897
6897
6898
6899
6902
6902
6903
6904
6904
6906
6908
6909
6910
6910
6911
6913
6914
6915
6918
6918
6920
6922
6922
6923
6923
6924
6925
6925
6926
6926
6926
6928
6928
6929
6930
6932
6932
6933
6934
6934
6935
6936
6938
6938
6938
6939
6940
6941
6943
6946
6946
6947
6947
6948
6948
6950
6953
6954
6955
6956
6957
6958
6960
6961
6963
6965
6966
6966
6966
6967
6968
6971
6971
6972
6973
6974
6974
6975
6976
6976
6977
6977
6977
6977
6978
6978
6981
6982
6983
6983
6984
6987
6988
6989
6991
6991
6992
6993
6994
6995
6995
6996
6996
6996
6998
6998
6998
6999
7000
7001
7001
7003
7003
7005
7006
7007
7007
7008
7009
7010
7010
7011
7012
7012
7013
7016
7016
7018
7021
7022
7023
7025
7025
7025
7027
7028
7028
7028
7029
7031
7032
7032
7033
7034
7034
7034
7036
7037
7038
7039
7040
7040
7041
7041
7042
7042
7042
7043
7044
7044
7045
7048
7049
7050
7054
7055
7055
7055
7057
7057
7058
7061
7063
7063
7064
7065
7066
7066
7067
7067
7067
7070
7072
7072
7077
7078
7078
7079
7079
7081
7081
7083
7083
7084
7085
7085
7087
7088
7088
7091
7091
7092
7092
7092
7095
7096
7096
7097
7099
7099
7100
7100
7100
7101
7102
7102
7103
7103
7105
7105
7105
7106
7106
7106
7106
7108
7108
7110
7110
7111
7113
7114
7115
7115
7115
7116
7117
7120
7120
7123
7124
7124
7124
7125
7129
7130
7130
7132
7134
7134
7135
7136
7136
7136
7137
7137
7138
7138
7140
7140
7140
7140
7142
7142
7143
7143
7143
7143
7144
7144
7145
7149
7150
7150
7152
7152
7152
7156
7157
7159
7159
7160
7161
7163
7163
7164
7164
7164
7166
7168
7169
7169
7170
7170
7171
7172
7174
7177
7177
7177
7178
7179
7180
7182
7182
7183
7184
7185
7188
7188
7191
7192
7195
7196
7196
7197
7202
7202
7205
7205
7208
7208
7211
7216
7217
7217
7218
7218
7222
7223
7224
7225
7226
7226
7227
7227
7228
7231
7232
7235
7237
7238
7239
7239
7240
7240
7243
7244
7244
7244
7246
7246
7247
7249
7250
7251
7251
7252
7254
7255
7256
7256
7257
7258
7261
7261
7263
7264
7264
7265
7265
7265
7266
7267
7267
7267
7267
7268
7269
7270
7270
7271
7272
7272
7273
7275
7277
7277
7277
7278
7280
7281
7282
7282
7282
7283
7284
7284
7285
7286
7287
7295
7295
7297
7297
7297
7300
7300
7300
7302
7303
7304
7304
7304
7305
7305
7306
7307
7307
7307
7310
7311
7311
7312
7316
7317
7317
7318
7318
7319
7320
7321
7323
7324
7324
7324
7325
7326
7326
7327
7328
7329
7330
7331
7332
7332
7332
7332
7333
7335
7337
7337
7339
7341
7341
7343
7344
7345
7346
7347
7347
7348
7349
7349
7350
7350
7350
7353
7354
7354
7354
7355
7355
7355
7358
7359
7359
7361
7361
7362
7363
7364
7364
7365
7366
7366
7370
7371
7371
7371
7372
7374
7374
7376
7376
7378
7378
7380
7381
7381
7381
7382
7384
7384
7384
7385
7385
7385
7386
7386
7387
7387
7388
7390
7391
7391
7391
7393
7394
7394
7395
7395
7398
7398
7400
7401
7401
7402
7403
7404
7404
7404
7404
7405
7405
7406
7406
7409
7410
7416
7416
7417
7418
7419
7420
7420
7420
7424
7425
7427
7427
7431
7433
7433
7434
7435
7436
7440
7441
7441
7441
7443
7443
7444
7444
7446
7449
7449
7451
7451
7452
7452
7453
7455
7455
7455
7457
7458
7458
7458
7458
7459
7460
7461
7462
7466
7467
7468
7468
7469
7470
7470
7472
7475
7477
7477
7477
7477
7477
7478
7479
7480
7481
7481
7481
7483
7488
7488
7490
7492
7492
7497
7499
7499
7500
7501
7501
7501
7506
7506
7508
7508
7509
7510
7510
7512
7512
7512
7513
7518
7519
7520
7521
7522
7524
7525
7525
7527
7529
7530
7530
7530
7530
7531
7531
7531
7531
7532
7535
7535
7535
7535
7536
7537
7537
7538
7538
7541
7543
7546
7548
7548
7551
7553
7554
7555
7557
7558
7559
7561
7561
7562
7562
7563
7563
7564
7565
7567
7569
7569
7570
7570
7571
7571
7573
7573
7578
7579
7580
7580
7582
7583
7584
7584
7585
7588
7588
7592
7592
7592
7592
7593
7594
7594
7594
7595
7596
7596
7597
7597
7598
7598
7599
7599
7600
7600
7601
7603
7604
7607
7607
7608
7609
7609
7611
7611
7613
7621
7621
7625
7627
7630
7631
7632
7633
7635
7635
7636
7637
7637
7638
7638
7638
7640
7640
7640
7641
7644
7645
7648
7649
7649
7653
7654
7655
7658
7660
7661
7663
7667
7668
7668
7668
7670
7671
7671
7674
7675
7677
7678
7678
7678
7680
7681
7681
7682
7682
7682
7684
7684
7684
7685
7685
7685
7688
7688
7688
7689
7690
7691
7691
7691
7691
7691
7692
7692
7692
7694
7695
7695
7695
7696
7698
7700
7702
7702
7704
7704
7704
7704
7704
7705
7706
7710
7711
7712
7713
7713
7714
7718
7719
7720
7723
7723
7724
7725
7726
7726
7726
7728
7730
7730
7731
7731
7733
7734
7734
7736
7737
7737
7739
7740
7742
7743
7744
7746
7748
7749
7749
7749
7750
7751
7752
7752
7752
7753
7753
7753
7754
7756
7763
7763
7764
7765
7765
7766
7766
7769
7769
7770
7771
7771
7772
7772
7772
7773
7773
7774
7775
7776
7776
7778
7778
7779
7780
7780
7783
7785
7785
7785
7786
7787
7789
7791
7791
7791
7792
7793
7793
7795
7797
7797
7799
7799
7802
7803
7805
7807
7808
7808
7810
7811
7811
7812
7813
7813
7813
7814
7814
7814
7815
7815
7817
7817
7818
7818
7818
7818
7819
7819
7819
7820
7820
7820
7821
7822
7822
7825
7825
7825
7828
7829
7829
7830
7831
7831
7833
7833
7835
7837
7838
7839
7839
7839
7841
7841
7842
7843
7845
7847
7847
7847
7847
7847
7851
7851
7851
7852
7853
7854
7854
7854
7856
7857
7857
7858
7858
7858
7860
7860
7862
7862
7862
7863
7863
7864
7864
7865
7866
7866
7867
7868
7868
7869
7872
7873
7874
7876
7876
7876
7878
7880
7882
7887
7888
7888
7888
7891
7892
7892
7892
7893
7893
7897
7898
7900
7901
7901
7901
7902
7903
7903
7903
7904
7905
7906
7908
7909
7910
7910
7910
7913
7914
7915
7916
7917
7921
7922
7923
7923
7924
7926
7927
7927
7928
7928
7930
7930
7931
7932
7932
7933
7933
7934
7934
7934
7935
7935
7936
7937
7940
7940
7944
7944
7945
7946
7948
7949
7950
7951
7952
7957
7959
7959
7961
7961
7961
7961
7961
7961
7962
7962
7962
7964
7965
7966
7967
7967
7968
7968
7968
7968
7969
7969
7970
7972
7973
7973
7975
7978
7979
7979
7981
7982
7983
7984
7987
7987
7987
7988
7988
7989
7989
7992
7993
8001
8001
8003
8004
8006
8007
8007
8007
8011
8011
8014
8015
8015
8015
8016
8016
8019
8020
8020
8020
8021
8023
8024
8025
8028
8030
8032
8032
8032
8033
8035
8035
8036
8036
8037
8038
8038
8040
8040
8041
8041
8042
8047
8047
8049
8051
8052
8053
8053
8053
8054
8054
8056
8057
8058
8059
8060
8060
8064
8065
8065
8066
8066
8066
8067
8068
8068
8069
8072
8073
8073
8073
8074
8077
8077
8079
8079
8079
8079
8082
8083
8084
8084
8087
8087
8088
8090
8090
8093
8095
8095
8097
8098
8100
8101
8101
8101
8102
8103
8106
8106
8107
8108
8108
8108
8109
8109
8113
8114
8114
8115
8117
8117
8118
8119
8119
8122
8127
8127
8127
8129
8130
8134
8134
8134
8135
8135
8137
8137
8143
8144
8145
8146
8146
8147
8147
8148
8149
8149
8151
8151
8154
8157
8157
8157
8158
8160
8160
8160
8161
8161
8162
8162
8163
8163
8164
8164
8166
8168
8169
8170
8170
8172
8173
8174
8174
8175
8176
8176
8176
8179
8181
8183
8185
8186
8187
8190
8192
8192
8193
8193
8194
8195
8196
8196
8198
8198
8202
8203
8204
8204
8205
8209
8210
8210
8210
8211
8211
8216
8216
8217
8217
8218
8219
8223
8224
8225
8225
8226
8228
8229
8232
8233
8234
8236
8237
8237
8238
8239
8239
8239
8240
8240
8241
8241
8242
8242
8246
8247
8249
8250
8250
8251
8251
8251
8251
8254
8255
8256
8259
8261
8261
8263
8263
8267
8268
8268
8273
8273
8275
8275
8276
8276
8277
8279
8279
8281
8281
8282
8282
8283
8283
8284
8287
8287
8290
8291
8293
8296
8296
8297
8298
8299
8300
8300
8301
8301
8303
8304
8307
8309
8309
8310
8312
8313
8314
8314
8317
8318
8321
8321
8321
8324
8325
8326
8326
8326
8327
8329
8329
8330
8332
8333
8334
8334
8334
8334
8335
8336
8337
8337
8339
8339
8340
8340
8341
8341
8341
8342
8346
8346
8347
8349
8351
8352
8352
8353
8355
8356
8356
8357
8358
8358
8359
8360
8361
8363
8365
8365
8365
8365
8367
8370
8370
8371
8371
8373
8374
8375
8376
8378
8379
8380
8380
8382
8382
8383
8385
8390
8390
8391
8391
8391
8392
8396
8398
8398
8399
8399
8401
8402
8403
8406
8407
8408
8409
8414
8417
8422
8423
8424
8426
8430
8430
8431
8433
8433
8434
8437
8440
8441
8446
8447
8448
8448
8449
8450
8450
8451
8452
8452
8452
8456
8458
8458
8460
8461
8461
8463
8463
8463
8464
8467
8468
8469
8470
8471
8471
8473
8474
8474
8477
8477
8478
8478
8479
8479
8479
8480
8484
8485
8486
8486
8487
8488
8490
8490
8490
8490
8491
8492
8493
8493
8493
8494
8496
8497
8497
8497
8500
8500
8501
8503
8504
8507
8507
8510
8511
8512
8513
8513
8514
8516
8516
8517
8517
8519
8520
8521
8521
8524
8526
8527
8527
8528
8529
8529
8531
8531
8533
8533
8537
8537
8538
8538
8538
8540
8541
8542
8544
8545
8547
8547
8548
8552
8552
8554
8555
8556
8557
8558
8560
8560
8560
8561
8561
8564
8567
8567
8568
8569
8570
8571
8571
8572
8573
8573
8573
8573
8574
8574
8574
8574
8574
8575
8576
8578
8578
8580
8580
8582
8583
8583
8583
8585
8585
8585
8586
8586
8586
8587
8588
8588
8589
8590
8591
8591
8593
8594
8594
8596
8596
8597
8597
8597
8598
8599
8600
8600
8601
8601
8602
8603
8603
8604
8605
8606
8607
8610
8611
8611
8614
8614
8615
8621
8621
8622
8623
8624
8624
8625
8626
8626
8627
8628
8631
8632
8633
8634
8634
8635
8636
8637
8638
8638
8639
8640
8641
8642
8643
8643
8644
8644
8644
8644
8645
8645
8646
8646
8647
8648
8648
8648
8648
8649
8649
8650
8652
8653
8653
8655
8655
8655
8656
8659
8661
8664
8664
8668
8670
8671
8672
8672
8674
8675
8675
8676
8679
8679
8679
8680
8680
8682
8682
8683
8685
8686
8687
8688
8689
8690
8694
8695
8695
8697
8698
8699
8699
8699
8700
8700
8701
8702
8704
8705
8706
8706
8707
8707
8709
8710
8710
8710
8712
8712
8713
8713
8713
8714
8714
8714
8720
8720
8720
8720
8722
8723
8723
8723
8724
8724
8725
8725
8725
8727
8727
8728
8728
8729
8730
8730
8731
8732
8733
8735
8736
8736
8739
8739
8740
8740
8742
8742
8742
8743
8746
8746
8747
8748
8748
8749
8749
8751
8751
8752
8753
8756
8756
8759
8760
8760
8760
8763
8763
8763
8766
8768
8768
8770
8771
8771
8771
8772
8772
8773
8774
8775
8775
8777
8777
8779
8779
8779
8781
8781
8782
8782
8783
8783
8785
8787
8788
8788
8791
8792
8793
8794
8795
8797
8797
8798
8798
8799
8803
8803
8803
8804
8804
8805
8806
8807
8808
8808
8811
8811
8811
8814
8815
8817
8820
8825
8825
8825
8826
8826
8826
8827
8828
8828
8829
8829
8829
8834
8834
8835
8836
8836
8838
8839
8842
8843
8844
8844
8847
8847
8848
8849
8849
8850
8851
8854
8854
8854
8854
8855
8855
8856
8856
8857
8859
8860
8865
8866
8866
8866
8868
8868
8869
8871
8872
8874
8874
8875
8877
8878
8878
8878
8880
8880
8881
8881
8881
8883
8883
8884
8884
8884
8884
8886
8887
8887
8888
8891
8892
8892
8892
8893
8893
8894
8898
8900
8901
8902
8902
8904
8908
8910
8911
8912
8913
8915
8915
8917
8918
8919
8920
8922
8923
8923
8924
8925
8926
8927
8927
8927
8927
8928
8928
8930
8930
8931
8933
8933
8934
8934
8938
8938
8939
8939
8941
8943
8943
8944
8946
8947
8947
8950
8951
8952
8952
8953
8954
8956
8957
8959
8959
8959
8961
8964
8964
8964
8965
8966
8968
8968
8970
8970
8971
8972
8972
8977
8979
8979
8982
8986
8988
8990
8991
8991
8992
8992
8993
8994
8994
8994
8995
8995
8996
8998
8998
8999
9000
9002
9004
9004
9006
9007
9007
9008
9009
9013
9013
9014
9014
9014
9015
9015
9016
9016
9019
9019
9019
9020
9023
9023
9023
9025
9026
9027
9029
9029
9033
9034
9034
9037
9038
9038
9039
9039
9040
9041
9042
9042
9043
9044
9044
9046
9048
9051
9052
9053
9054
9054
9055
9056
9056
9057
9058
9058
9059
9059
9062
9063
9064
9064
9065
9066
9068
9069
9071
9072
9072
9074
9075
9076
9076
9077
9079
9079
9081
9081
9082
9082
9082
9082
9082
9082
9083
9084
9084
9084
9084
9086
9087
9089
9090
9091
9092
9093
9102
9104
9104
9106
9106
9107
9108
9108
9110
9110
9111
9111
9111
9112
9113
9113
9114
9115
9115
9115
9116
9117
9117
9118
9119
9119
9119
9121
9122
9127
9129
9129
9129
9131
9131
9132
9133
9134
9135
9135
9135
9136
9137
9137
9137
9140
9140
9141
9142
9143
9143
9146
9147
9148
9148
9148
9150
9150
9151
9151
9151
9153
9154
9154
9155
9156
9157
9157
9159
9160
9160
9160
9161
9161
9161
9162
9162
9163
9163
9163
9164
9164
9165
9165
9165
9165
9167
9169
9169
9171
9171
9172
9172
9173
9174
9175
9176
9177
9177
9177
9179
9179
9179
9183
9183
9185
9185
9186
9187
9189
9190
9194
9195
9195
9196
9197
9197
9198
9200
9202
9204
9205
9207
9207
9208
9208
9210
9213
9213
9213
9214
9215
9215
9215
9215
9215
9216
9217
9218
9219
9220
9221
9221
9222
9223
9224
9225
9226
9226
9226
9226
9228
9229
9229
9231
9234
9234
9235
9235
9239
9239
9242
9243
9244
9245
9246
9247
9249
9252
9252
9253
9254
9254
9255
9257
9258
9261
9263
9265
9265
9267
9268
9268
9270
9271
9271
9272
9272
9272
9273
9273
9274
9274
9275
9275
9275
9276
9279
9279
9279
9280
9280
9282
9282
9283
9284
9285
9285
9286
9286
9290
9291
9293
9293
9296
9297
9297
9298
9299
9299
9300
9301
9301
9303
9303
9304
9304
9305
9305
9306
9307
9308
9310
9310
9312
9312
9312
9315
9315
9315
9316
9316
9317
9318
9320
9321
9322
9322
9322
9324
9324
9324
9325
9326
9327
9329
9330
9330
9333
9335
9335
9336
9337
9338
9338
9340
9340
9340
9341
9342
9343
9344
9345
9348
9348
9350
9351
9352
9355
9356
9357
9358
9359
9359
9360
9360
9361
9364
9365
9366
9366
9368
9368
9371
9372
9373
9373
9374
9375
9376
9378
9378
9378
9380
9382
9383
9384
9385
9386
9387
9388
9388
9389
9390
9391
9393
9394
9397
9399
9400
9401
9401
9401
9405
9405
9405
9405
9406
9406
9407
9410
9411
9412
9412
9412
9415
9415
9415
9416
9417
9417
9418
9418
9419
9422
9422
9422
9424
9424
9425
9425
9426
9426
9428
9431
9431
9432
9434
9436
9436
9436
9438
9439
9439
9440
9440
9444
9445
9445
9445
9445
9446
9451
9453
9457
9458
9458
9460
9460
9461
9465
9466
9466
9467
9467
9468
9468
9469
9469
9470
9471
9473
9473
9474
9475
9475
9478
9478
9480
9481
9482
9482
9483
9483
9483
9484
9485
9485
9486
9487
9488
9489
9489
9492
9498
9498
9498
9498
9499
9499
9501
9501
9502
9503
9503
9504
9504
9505
9506
9507
9509
9509
9509
9510
9510
9514
9516
9518
9519
9520
9522
9523
9524
9525
9525
9526
9526
9527
9527
9528
9528
9529
9529
9529
9530
9530
9530
9531
9533
9533
9534
9535
9536
9536
9537
9540
9541
9541
9542
9543
9543
9544
9546
9546
9550
9552
9555
9556
9557
9559
9559
9560
9562
9563
9563
9563
9565
9568
9569
9569
9569
9569
9570
9570
9575
9575
9577
9579
9580
9582
9583
9586
9586
9586
9587
9589
9592
9593
9595
9596
9598
9598
9600
9600
9600
9600
9601
9603
9604
9604
9604
9605
9606
9609
9609
9611
9613
9616
9617
9618
9621
9621
9624
9626
9626
9626
9626
9626
9627
9627
9629
9629
9629
9632
9632
9632
9634
9636
9637
9638
9640
9640
9640
9641
9646
9647
9647
9648
9650
9651
9651
9651
9654
9654
9656
9656
9657
9658
9661
9661
9664
9666
9667
9667
9668
9670
9670
9671
9671
9675
9676
9677
9678
9679
9680
9681
9681
9682
9683
9687
9687
9688
9688
9688
9689
9690
9692
9692
9693
9694
9694
9696
9696
9697
9697
9699
9701
9702
9702
9702
9705
9707
9708
9709
9710
9712
9712
9713
9716
9719
9721
9722
9722
9723
9723
9726
9727
9729
9730
9732
9732
9733
9734
9735
9736
9736
9736
9737
9739
9740
9740
9741
9741
9742
9745
9746
9746
9746
9747
9748
9751
9751
9753
9753
9754
9755
9756
9756
9758
9760
9762
9762
9762
9762
9764
9764
9767
9767
9768
9768
9768
9768
9770
9770
9775
9775
9776
9776
9776
9777
9777
9778
9778
9778
9779
9781
9782
9782
9782
9783
9785
9786
9787
9790
9791
9791
9791
9792
9792
9793
9797
9797
9798
9798
9800
9801
9803
9804
9804
9806
9806
9807
9807
9808
9808
9810
9811
9814
9815
9818
9820
9820
9820
9823
9823
9823
9823
9824
9825
9825
9825
9826
9826
9826
9826
9827
9827
9827
9829
9830
9830
9832
9832
9832
9833
9837
9839
9840
9841
9841
9841
9842
9846
9847
9848
9850
9853
9853
9853
9854
9857
9857
9857
9858
9860
9861
9863
9864
9865
9866
9866
9866
9866
9867
9867
9868
9868
9872
9873
9873
9876
9877
9877
9878
9878
9879
9880
9880
9881
9885
9888
9889
9891
9895
9895
9895
9896
9896
9896
9898
9900
9901
9903
9905
9905
9908
9909
9909
9909
9910
9910
9912
9914
9915
9916
9918
9918
9919
9919
9920
9920
9920
9922
9923
9923
9923
9924
9924
9925
9925
9927
9928
9928
9929
9930
9930
9931
9935
9936
9938
9939
9941
9946
9948
9948
9949
9949
9950
9950
9950
9952
9956
9956
9956
9957
9957
9958
9958
9958
9958
9959
9959
9960
9960
9962
9963
9964
9964
9967
9969
9969
9969
9970
9970
9971
9972
9979
9979
9980
9982
9982
9983
9986
9989
9990
9990
9993
9993
9994
9994
9997
9999
